0.28530898438162766 0.552313609545412 -0.8370315294706794 0.367234213960568 0.1575876659903379 0.08751531817916014 0.3638788339818235 -0.6246069243384027 0.1371012729800496 0.2199701431837613 -0.44601882301816254 0.36108789913702455 
0.1371012729800496 0.2199701431837613 -0.44601882301816254 0.36108789913702455 -0.023625207270539184 -0.3044647727311589 0.38874585831667896 -0.5993614505608558 0.15520089727978736 0.0924724288433405 -0.324913888004295 0.1171669704077618 
0.8765244001183323 -0.6725033952745987 0.572893071405727 0.5801452221136687 0.37588322737690905 0.057436045648274314 -0.2739498404842997 -0.8623402470682175 -0.6235839467084712 -0.33133854470523727 -0.6386139017660317 -0.11897232316564388 
-0.205565219188792 0.7102393265196745 0.06282368042777331 0.7095051281700953 -0.8120253319789628 0.18828893467178398 0.029630056109349656 0.06073455049747323 -0.4104403564527883 0.44161065455827053 0.19778797719660668 0.2425167603522982 
-0.4104403564527883 0.44161065455827053 0.19778797719660668 0.2425167603522982 -0.1108523823133587 0.8110700515014424 -0.7713503995300299 -0.06967983955338841 -0.648586848662382 0.9586964947581218 0.6652471557426067 -0.4291616784159533 
-0.648586848662382 0.9586964947581218 0.6652471557426067 -0.4291616784159533 0.09089801362562011 -0.8447568356507327 -0.40192839484399845 0.15487600549295122 -0.7286452548201674 -0.9886151363386335 0.6500253720556279 -0.2820728463955542 
-0.7286452548201674 -0.9886151363386335 0.6500253720556279 -0.2820728463955542 -0.09540358843430408 -0.29803024472645756 -0.2822590333806765 -0.7517231398918796 0.7836716945895663 -0.10589946042790088 -0.5495580836068705 -0.2603441641283133 
-0.9630340718961519 0.8610954245199687 -0.6451394347912593 -0.5813328419549446 -0.7386992248374671 -0.31928541079559203 0.6536740104506695 -0.7618247650135146 0.07835062721351971 0.47342152027405815 -0.1298045812394828 -0.18066476084471428 
-0.7386992248374671 -0.31928541079559203 0.6536740104506695 -0.7618247650135146 0.2742096967176504 -0.9965485701807402 -0.680633671680009 0.019823545748814952 0.8067440127465741 -0.6021147639232887 -0.321400980080605 -0.7852600346393352 
-0.7386992248374671 -0.31928541079559203 0.6536740104506695 -0.7618247650135146 0.7846311916502335 0.12368614247970022 0.25342795970773424 0.42219974500316515 -0.6284183357604103 -0.21017444502375038 0.15307366556162028 -0.10144308023638082 
-0.6284183357604103 -0.21017444502375038 0.15307366556162028 -0.10144308023638082 0.26528167950610815 -0.9053109461954134 0.6806781235059716 -0.33404596061401604 -0.18534393181837272 -0.7554366491968338 0.8877137056507913 -0.8817486393483251 
-0.6284183357604103 -0.21017444502375038 0.15307366556162028 -0.10144308023638082 0.057547895219016265 0.5510981241954243 -0.19658790458052233 -0.8945467850946758 -0.5806193521397252 -0.19802856951841097 0.7176799705554031 -0.9626694075027553 
0.24553358238688294 0.8859817434645578 0.9014360979054341 -0.9496667402414647 -0.33999327096536636 0.9336726387679326 -0.5112065923058609 -0.2518970622831649 0.5167413647900179 0.6057424449704141 0.722283151362545 0.0181042638218063 
-0.3689219520052942 0.9220419482442406 0.4407372526030833 -0.7331580470459202 -0.39427465579976295 0.5515909827829424 -0.5531674294778752 -0.8557566159619927 -0.002461321220402768 -0.3840247260365237 0.15028404551690633 -0.7413283411082567 
-0.3689219520052942 0.9220419482442406 0.4407372526030833 -0.7331580470459202 0.3688863198836059 -0.5840622144011514 -0.8621639331628224 0.2702566526036656 0.4263726965107921 0.9207832358365575 -0.3097268007157319 -0.415557139736622 
-0.3689219520052942 0.9220419482442406 0.4407372526030833 -0.7331580470459202 -0.36785483387568374 -0.24656267687892708 0.6896963724685068 0.9082448516009225 -0.7564966160573623 -0.15910403035572984 0.7833097966170615 -0.48351561153959444 
-0.36785483387568374 -0.24656267687892708 0.6896963724685068 0.9082448516009225 -0.4223681034079261 -0.5159931293318469 -0.8285660839176843 0.545623682338445 0.9259238981083939 -0.5606550427694847 -0.24491674975525535 -0.16449046971152637 
-0.36785483387568374 -0.24656267687892708 0.6896963724685068 0.9082448516009225 0.7693902812979991 0.20544920343402384 -0.6156289021581016 -0.048169481556507465 -0.5421755177500664 0.5855105527201048 -0.6845267406833773 0.17452596915678464 
0.7693902812979991 0.20544920343402384 -0.6156289021581016 -0.048169481556507465 0.6416388056059557 0.35137802067153867 -0.9333913463413068 -0.9737317497631142 0.6337310055778538 -0.7613745676399155 -0.7412384856922656 0.38201935092318906 
-0.6982861571568273 0.9738584583578518 -0.9088248197969722 -0.2400130799518867 -0.026261436413496098 -0.2017149463514225 -0.09464466183462816 -0.5649273339993846 -0.5749133112883469 -0.8772536827560198 -0.47723904133234507 -0.42454292712464814 
-0.5749133112883469 -0.8772536827560198 -0.47723904133234507 -0.42454292712464814 -0.37992562760384163 -0.24860019896293317 0.8896848380788136 0.24377086026054928 -0.5764114344410436 -0.6257190997757287 -0.9050611900879744 0.308996769434456 
-0.5764114344410436 -0.6257190997757287 -0.9050611900879744 0.308996769434456 -0.38904247113456414 -0.9255236623280376 0.9965873715135789 0.5288667128842746 -0.40404480098757656 -4.0149414276835493E-4 -0.1362530418477348 0.9470719326741934 
-0.04992611718727624 -0.874279475199746 0.33539820617318017 0.6718764020137395 -0.8294499715337988 0.8501547876776891 0.7352487562195391 -0.21949961473662993 0.20039673519545653 0.23438315945900734 -0.8462526766573641 0.7551677418946581 
0.4696749498737305 -0.07890885116538082 -0.782893541534488 -0.05267290504535027 0.6327561087058451 -0.7487212143073614 -0.2786707187427535 0.9086411607534362 -0.18154811839295082 -0.8358034819640232 0.767572419748429 -0.8571692524442625 
-0.02151844799347935 -0.8586600021120459 -0.872712900522181 0.9010541363138558 -0.17840632907417886 0.6194113822413341 -0.7974427954838161 0.41953640889743893 0.16708938194143186 -0.7019688830746575 0.9620996933021546 0.9943747125318267 
-0.17840632907417886 0.6194113822413341 -0.7974427954838161 0.41953640889743893 -0.24460987536974876 -0.28114383921915653 0.6130744383477442 0.2866140645011155 0.24931424028394678 0.6639149732758758 -0.6589279495369538 0.44257940325879375 
-0.17840632907417886 0.6194113822413341 -0.7974427954838161 0.41953640889743893 0.5482014687357404 0.6675683947538669 -0.32951363915464715 -0.3821758170328118 -0.48809787917099157 -0.2631369095180689 0.7249012555095329 -0.24986138508163291 
0.8100782275930214 0.2107228383589672 -0.4420399356108846 -0.9105316556827141 -0.9208382331298379 -0.5147488066417101 0.4085475043091893 -0.5314204782913785 -0.8549491895227477 0.6776559592051432 0.6083998403079784 -0.8979643830685424 
-0.8549491895227477 0.6776559592051432 0.6083998403079784 -0.8979643830685424 0.263698749673436 -0.2964671318571863 -0.1473897191625111 -0.04588135906192914 0.6611146816060318 0.35082050609618975 -0.9293207061467832 -0.6959389400196674 
0.263698749673436 -0.2964671318571863 -0.1473897191625111 -0.04588135906192914 -0.006168741077835493 -0.04863266423574886 -0.08487167408904894 -0.49265902801452466 -0.11621148182661356 -0.5410908737166784 -0.20347917105190194 0.875248669489751 
-0.006168741077835493 -0.04863266423574886 -0.08487167408904894 -0.49265902801452466 -0.9835485808089957 0.4404535497052964 0.18182817570322407 0.05655564516488787 0.17565633931251878 -0.606053408015192 -0.30038015631569004 0.23194759086560057 
0.17565633931251878 -0.606053408015192 -0.30038015631569004 0.23194759086560057 -0.5926562457188405 0.5028382983715352 -0.46500730973278803 -0.5370002212460543 -0.20722178746153408 0.03768092935948242 -0.6652191164646128 0.19633181790938936 
-0.33273261078520777 0.7901140945998104 -0.32607710259021006 0.35522047952124103 0.4086233765735354 0.9904635029777622 -0.8918910753455744 0.8717353856485741 0.3604181630409231 -0.5800261289757855 0.4736538344696819 0.8466491837642074 
0.4086233765735354 0.9904635029777622 -0.8918910753455744 0.8717353856485741 -0.16355806583562438 0.07881320989382123 -0.22607912249841244 -0.8815638081328518 0.8560698437596084 0.6270168264914526 0.5573377880895605 -0.5700127009496139 
-0.16355806583562438 0.07881320989382123 -0.22607912249841244 -0.8815638081328518 -0.5759181260691086 0.4475181047122161 0.5074819757446598 0.05802524627229255 0.3176702719288098 0.5520870718125637 0.5314135587392239 -0.8428339262549105 
-0.16355806583562438 0.07881320989382123 -0.22607912249841244 -0.8815638081328518 0.7987130535710067 0.22466341826939895 -0.9272663307599409 0.8004141624213765 -0.06047846855379002 0.5576075781528496 0.6415040857324577 0.572164382847159 
-0.6093371640567793 -0.01881050876713064 -0.46740059101019593 -0.3644497499718611 0.22906432832395018 -0.4857831804046029 0.15195033655532098 0.06196239445266727 -0.15648546429076582 -0.8524506914331733 -0.062414231734110315 0.015018687044185075 
-0.6471146302898834 0.11732949158589134 0.7847814171430807 0.6823694026751288 -0.8175380412230544 0.6078433139177049 -0.49168899150965983 0.5041116978885565 0.9399200874772193 -0.34699100290915985 0.9685491207102801 0.05133962084201538 
-0.6471146302898834 0.11732949158589134 0.7847814171430807 0.6823694026751288 -0.6560319799019736 0.8398241099902877 -0.3920882519631117 -0.8028026125661731 0.7331461478920316 -0.6955001005321284 -0.08442490390017765 -0.8661090844691055 
-0.6471146302898834 0.11732949158589134 0.7847814171430807 0.6823694026751288 0.6786285335335063 0.6239830807661761 -0.725544493255367 -0.08581269650493284 -0.6098031805317379 0.5512820133518122 0.7119884745261968 -0.39178279091863466 
-0.6471146302898834 0.11732949158589134 0.7847814171430807 0.6823694026751288 0.18220996512360688 -0.40818971301511087 0.06703984893653558 -0.6915788715426201 -0.898598733632394 -0.23836275292539155 -0.37637676247120466 -0.7935727637066703 
-0.6471146302898834 0.11732949158589134 0.7847814171430807 0.6823694026751288 -0.08429280437150855 0.3181550668435982 -0.5464957156292931 0.21209443914866033 0.11803552150246976 0.4063166833470999 0.6264179856544694 -0.49541934192696435 
-0.6471146302898834 0.11732949158589134 0.7847814171430807 0.6823694026751288 -0.9950664544762982 -0.5464625852377185 -0.48338579462071074 0.5210906377849798 0.49789943924558555 0.5815779693972545 -0.5882512318100555 0.8841671935391544 
-0.6471146302898834 0.11732949158589134 0.7847814171430807 0.6823694026751288 0.3186258408040379 -0.24762928795377093 -0.7321126609994146 -0.08833995334599987 0.4826249305876287 0.3927052029508664 -0.4450981536764671 -0.6198761786308835 
0.3186258408040379 -0.24762928795377093 -0.7321126609994146 -0.08833995334599987 -0.4033548247271268 0.007621426029830403 0.37289971463262384 0.20162900282001162 0.6806271523547189 0.4964654585406272 -0.33573645259555773 -0.7512459907328422 
-0.4033548247271268 0.007621426029830403 0.37289971463262384 0.20162900282001162 -0.4349589372963605 0.04267581610583826 -0.6220955190190376 0.9261402119843536 -0.9448870039223372 -0.22813136006333146 -0.5284475756643368 0.9568873344968449 
0.6764072364760156 0.9159075856291943 0.8558826718478509 0.7130463482183755 -0.9950712101513783 -0.08890398945834188 0.3903658484215764 0.7718254741012269 0.5217141210839071 0.63327708927235 -0.2817454583912131 -0.6357445746697721 
-0.5617958325627102 0.32111410688126973 0.5503848201745403 -0.13920389623667462 0.9137096334613877 -0.4679971113782191 0.5261272437113547 0.14074737495510514 0.24383450899593995 -0.32834095977315103 0.43644965584898143 -0.71256711841778 
-0.40572592032069754 -0.7867652872930322 -0.2255322926009269 -0.5826947781882867 0.8686094767073553 -0.7004760958533558 0.33499195260306536 0.22916534158382018 0.07891880018900554 0.19784079361414397 0.612039236757564 -0.7643327757819398 
0.07061339643065767 0.2691998775855593 0.4203459092736417 0.191049027581226 -0.9348939312776594 0.7602793829238514 0.8063891746268397 -0.7684163897232759 0.6804739283965073 0.09427916503092981 0.0385873537982131 0.6762964248183765 
0.07061339643065767 0.2691998775855593 0.4203459092736417 0.191049027581226 -0.668926262364997 0.1546497816422583 -0.13602246866940892 0.3700571702215514 0.4440240059725318 0.013490758086039056 -0.14028012882191843 -0.14553927699509006 
0.4440240059725318 0.013490758086039056 -0.14028012882191843 -0.14553927699509006 -0.7099539117614224 -0.5014165107185309 0.5996022406868573 -0.9982900562685719 -0.8278033609068485 0.5635357272074715 0.9665403475363454 -0.8509573231025074 
-0.8278033609068485 0.5635357272074715 0.9665403475363454 -0.8509573231025074 0.11834884909450549 -0.7234115520977944 -0.7193020811169402 0.9523052729094217 -0.8905775929700421 -0.9440962337838423 0.19996527462962344 -0.6563400475923349 
-0.8278033609068485 0.5635357272074715 0.9665403475363454 -0.8509573231025074 0.9848475914657615 -0.9246329559459996 0.4384175589056072 0.6067791616560712 -0.9606999191104943 0.09976049353202643 -0.21700635955249936 -0.851277675218536 
-0.8278033609068485 0.5635357272074715 0.9665403475363454 -0.8509573231025074 -0.9372947331516981 -0.4765704832754616 -0.8595129552103093 0.49272638229706445 -0.7719173842637221 0.11487355865271143 0.3520109316913185 -0.3970822538631986 
0.7124851653182698 -0.9813232406848582 0.245376243847109 0.6308845348649494 0.2731095699320514 -0.9683859683169145 -0.8614889309354379 0.1870485645654889 -0.2253913576670319 0.8771230166419453 -0.21326541686380973 0.22480458754557842 
0.2731095699320514 -0.9683859683169145 -0.8614889309354379 0.1870485645654889 -0.7923805883215427 0.5567572300926957 -0.6484089691540382 0.8369190920247054 0.09758357666054263 -0.0025763566003258465 -0.9030550702298967 -0.17249364432384517 
-0.8681390279537089 -0.6428601268150607 0.5033078826173778 -0.7569631722119514 -0.33458167035088016 0.5153138865406026 0.7777659103964465 0.9575348079530794 0.08639842144617438 -0.08997502238272759 -0.4973035258647893 0.9352352455156236 
-0.33458167035088016 0.5153138865406026 0.7777659103964465 0.9575348079530794 0.3789613349763956 0.45298987279083125 0.4053820047967287 -0.6984437880877568 -0.9800861545274089 0.23966804075519832 0.3771278120637678 -0.467902951671862 
-0.9800861545274089 0.23966804075519832 0.3771278120637678 -0.467902951671862 0.44774445390538276 0.8319683447263213 -0.6854466346894905 -0.2838361910851048 0.308288335894666 0.8064508876773695 -0.7098462889112593 0.37833464442931475 
0.33779640413807166 0.7805853195898946 0.09981027616261029 0.10359494227785193 0.883240832205773 -0.12576757451863352 0.6164696865877817 0.18986866591194973 0.30338063918826275 0.6724694481978493 0.009943107039798615 -0.5678228456579877 
0.777129962549576 -0.140629867006006 -0.5570388411818425 -0.7013847557402619 0.4077168720337243 -0.5007087886507726 -0.18261296644406766 0.11768694009225955 0.34037629730484253 0.4581453812202465 0.16216390451334317 0.5898944031413984 
-0.4825003791831417 -0.8716027755493596 -0.2703214867742596 -0.11679863177548389 0.3409980763312328 0.3611904714028331 -0.5902232527334981 -0.45928101324908677 -0.20494067891662748 -0.5785500828428443 -0.6175487425843329 0.06731333780190196 
-0.3895837116126071 -0.6629421221886818 -0.11035539814349882 -0.13417407188274932 -0.7753654452165828 -0.7622685615438689 -0.44245959149511793 -0.2219766667628129 0.8504603914212534 0.8068894297552152 0.003891933033008277 0.7240552658425479 
-0.32486336688292305 -0.14466762481876638 -0.6406596377258751 -0.33035998679157985 -0.5403866313322987 -0.5969202867801322 0.07491033049905904 0.7005886126275698 -0.59327352294621 0.915639246052824 -0.8369022165830786 -0.6098766494685715 
-0.32486336688292305 -0.14466762481876638 -0.6406596377258751 -0.33035998679157985 -0.3299792130826691 0.6544359996361933 0.7008623338331836 -0.7930124020369409 -0.6069450397135276 0.27834533949551554 -0.1777013320559473 0.6268680163366325 
-0.3299792130826691 0.6544359996361933 0.7008623338331836 -0.7930124020369409 -0.5075461189247856 -0.46226645877874484 0.20863693164228692 0.12798701170648563 -0.8161746510875765 -0.16848551585992166 0.03706907279651195 -0.9196575006019774 
-0.6752253879782959 -0.0805343758082222 -0.5312822985797956 -0.2878000778361587 0.7017779832252602 -0.7644156010554815 0.4298153649522174 0.8103942715330965 0.7142472643220641 0.4613749925374111 0.12015496081507049 -0.04214693363679767 
-0.8743490746296809 -0.16127315210001325 -0.29223836339319487 0.06774910397848277 0.7371960040396552 -0.15094428633841228 0.890638036805246 0.6166067229929058 0.541764660168691 -0.9896687628539471 0.8111244337973968 0.7571033561054541 
-0.8743490746296809 -0.16127315210001325 -0.29223836339319487 0.06774910397848277 0.18001073737342654 0.29610446282287217 0.4007739648556621 0.5154866138166407 -0.9094185660077678 -0.27034427107887016 -0.3680958367876208 0.6002819950211131 
0.18001073737342654 0.29610446282287217 0.4007739648556621 0.5154866138166407 -0.9684941027794947 0.3252331356260121 -0.5047607994598902 0.4635491376560894 0.3967436317663178 -0.43197650879612914 0.7051683507337851 -0.45595038254092013 
-0.45894507571240206 -0.23643358291780925 0.1544346942056467 0.48252470631062305 0.9913074111854578 -0.4713501895600236 -0.18414741600034623 -0.7355198619260814 -0.6321237442113936 -0.11737658262084105 0.3024426639756157 0.5156887825813172 
-0.45894507571240206 -0.23643358291780925 0.1544346942056467 0.48252470631062305 -0.9924916269425719 0.20782757704342214 0.4436876673848551 -0.9411367771100403 0.265211341549209 -0.9948736155771911 -0.9427054025307269 0.3635765137911948 
-0.9924916269425719 0.20782757704342214 0.4436876673848551 -0.9411367771100403 -0.649540300337025 0.22497564174216134 -0.2115876140802524 0.518445732527056 -0.5953984241138903 -0.7538021136684256 -0.5640492181559573 0.4397243476145538 
-0.7574264860916011 -0.09190098044411998 -0.7386729435756751 -0.15547978439884091 -0.4070675651743916 -0.9600328287701507 -0.31298244345664306 -0.21211128394534362 -0.5183977811734424 0.1279018831674812 0.5970899881773233 0.04978081869193063 
-0.4042467312019853 -0.9321526967694853 -0.28707918211075856 0.20145080417788108 -0.9926849978341417 -0.5921339380997652 -0.4997110038279371 0.5987618019723944 -0.10609279929495874 0.5731963072258899 -0.2205140246571986 -0.25596851148895716 
-0.13419004172671123 0.6715230690608902 -0.016744095170129203 -0.2545390465604369 0.17084400871873817 -0.6405936764787374 -0.8003952720565002 -0.22126230768742783 -0.5907384071834474 -0.3393535714379894 -0.6513490165642484 -0.711924628693875 
0.5946564866387269 -0.0807464762105996 0.8974909924992844 -0.12003473941380505 -0.5433002090237471 0.12057941279198547 -0.5404646617161333 0.42586679705529096 0.9243267804281583 0.5765600252635026 0.10552013500006074 0.5561851971267167 
0.3969562880604449 -0.021195135027384238 0.1573066261320768 -0.6642075564030518 0.06530203862336426 0.0660450301483213 0.9981675664335037 0.6696026797105674 0.9074148961369717 0.15450486015390075 -0.21593866911952642 -0.9694420492948004 
0.3969562880604449 -0.021195135027384238 0.1573066261320768 -0.6642075564030518 0.46544805415296087 0.1709482703009424 -0.3007906092036523 0.8543455314103936 0.8336753887322605 0.6877345902880663 -0.3293558658316118 0.3817346614877799 
0.6609498238403884 0.10656777557144936 0.33007665909420436 0.009459620807998892 -0.7212089670765778 0.9137422341783319 -0.053108646276613936 -0.801821284057147 0.24845933853967295 0.3089355942466012 0.36193160823421455 -0.4606414329151627 
0.6609498238403884 0.10656777557144936 0.33007665909420436 0.009459620807998892 0.22184241493454526 -0.26955635635622643 -0.28660098601509953 -0.7362769153561757 0.1598162458647827 0.056523500969179796 -0.04699441480458799 0.4865509698772126 
0.1598162458647827 0.056523500969179796 -0.04699441480458799 0.4865509698772126 0.8848748229050101 0.4644279507827669 -0.967090933954474 -0.9922545271912158 0.06935473244769019 0.66890460803095 -0.874722055385335 0.2043502537820796 
0.1598162458647827 0.056523500969179796 -0.04699441480458799 0.4865509698772126 -0.7091221130574601 0.6744585209789118 0.046014830591309286 -0.5825415813834842 -0.7102364857009484 -0.04987758664069841 0.31777247694018285 -0.7552924032733477 
-0.8716321044485449 0.8150558292798398 0.8480115421016285 0.9949645655772135 -0.820217527279353 -0.9106009026483839 0.8818432276871708 -0.46404944026557726 0.39619313097343456 -0.5525218240914305 0.9596296039624248 0.3197102285176925 
0.09971792377858546 0.4420740592328447 0.7062046705154137 -0.8326788676366255 -0.7719869893119498 -0.5283658096498502 0.13563788744286587 0.6271159245963953 -0.6956167104691513 0.2633637937330875 0.8749275867837418 -0.4488821657265183 
-0.6956167104691513 0.2633637937330875 0.8749275867837418 -0.4488821657265183 -0.32950709928458277 -0.023217499091891636 -0.1395310879671703 0.8073262115618318 0.9646778960451949 -0.5011942457887757 -0.512176379847467 0.9462522504029518 
-0.6956167104691513 0.2633637937330875 0.8749275867837418 -0.4488821657265183 -0.2816790029970897 -0.19900815499997915 0.27986266384835856 -0.049397141539035294 0.1494576196711508 0.17819160555679336 0.7246755180786044 0.48590042025243063 
-0.6956167104691513 0.2633637937330875 0.8749275867837418 -0.4488821657265183 -0.3893803134068432 -0.1819217577288097 0.3551168045880686 0.15937708680593565 -0.98235101330379 -0.9841935529036079 -0.652238138949178 0.5868440404957125 
-0.6956167104691513 0.2633637937330875 0.8749275867837418 -0.4488821657265183 0.8160098887423146 -0.9543683926356314 0.9940319449995367 -0.2157036542019477 0.1296267526912842 0.824132145252088 -0.41321425622989194 -0.8136268104178714 
0.1296267526912842 0.824132145252088 -0.41321425622989194 -0.8136268104178714 0.878558696388487 0.7588082107480447 0.6146544568282757 -0.30310651635423924 -0.4294080111528227 -0.8590419172797217 -0.5563883083700858 -0.2166289493908229 
-0.04289363126175072 0.5471383633552414 0.9034155079374706 0.2343343262990072 0.06695646074546313 0.4874427211995507 -0.4185578181444587 -0.7697410463620575 0.7366917047681465 0.5626312355110898 0.7212341974477081 -0.4518035741318418 
0.8226126190764254 -0.7261379151318552 0.36113010212150787 0.25517011434544923 -0.9249403507759355 -0.2374015965603522 -0.5080218638536391 0.4884473911689353 0.5514371865912482 -0.7313768285957114 0.9564973472890672 0.727671863536804 
0.9408309392502756 -0.26720813281822164 0.8207112831607888 0.4310064960736337 0.7015883671958034 -0.0789377982378725 0.7249369200558053 -0.8974195844645743 -0.3995481904992517 -0.9735575626141055 -0.3013594828778481 -0.7862640146027642 
0.9408309392502756 -0.26720813281822164 0.8207112831607888 0.4310064960736337 0.24504409652075854 -0.46589272707676543 0.4943287717234397 0.7361204702348152 0.9052928719190665 -0.07381501651175904 -0.35888780245494556 -0.8604791765667006 
0.9408309392502756 -0.26720813281822164 0.8207112831607888 0.4310064960736337 0.35795724818690466 -0.1172699019532426 0.12230762364788039 0.09301434944638842 -0.49796892506044976 0.35967826290541827 0.8470059138959392 -0.47608346646299715 
0.35795724818690466 -0.1172699019532426 0.12230762364788039 0.09301434944638842 -0.2033179342663638 -0.1722500583393758 -0.46480757837628506 -0.5212820065374948 0.131466846577313 0.4230687580206609 -0.4769292073974256 -0.23770809566328222 
0.35795724818690466 -0.1172699019532426 0.12230762364788039 0.09301434944638842 -0.6496143452960168 0.3890949078054784 -0.48849633471992027 0.34301796765442183 -0.9470980201821813 0.9911866818115231 0.48143993937581175 -0.5018640863098955 
-0.9470980201821813 0.9911866818115231 0.48143993937581175 -0.5018640863098955 -0.11179107680872713 0.06505059208505526 0.32042866767787626 -0.217119202515611 -0.5628397064962012 -0.7972667587442175 -0.9138016789907972 0.5135624952594167 
-0.9470980201821813 0.9911866818115231 0.48143993937581175 -0.5018640863098955 -0.04077689754072633 0.676475033787856 -0.33583061136519987 -0.6107838773329295 -0.5271463738529729 0.440229466239511 -0.6628013624725972 -0.21536554477454217 
-0.5271463738529729 0.440229466239511 -0.6628013624725972 -0.21536554477454217 -0.4022311712358 -0.8670869889616994 0.17493979455488606 -0.94020901921159 -0.462613916724961 0.37582914773218223 0.9698585311965475 -0.6335410799326517 
-0.6207310090662024 0.4830158142399097 0.22377573718529242 0.9628221239059724 0.7743846221471433 -0.4622273686880689 0.7993143015072077 -0.8266910393620646 -0.6031415420091575 0.35895974722623913 0.6982120066291277 -0.6679062771471036 
-0.6207310090662024 0.4830158142399097 0.22377573718529242 0.9628221239059724 -0.27947562855957364 0.7427600462425208 0.43533385577787986 -0.9905670241743023 0.28418546452963245 -0.2592583362771812 0.01941197512227144 -0.8039041833698926 
-0.6207310090662024 0.4830158142399097 0.22377573718529242 0.9628221239059724 0.44630304671420684 -0.8330068415898142 -0.28658677337664895 -0.27696023421233695 -0.6578697288474449 0.6771938195162155 -0.0813573647185124 0.17242853416758241 
-0.6207310090662024 0.4830158142399097 0.22377573718529242 0.9628221239059724 -0.8956519439595108 -0.7257388190161278 0.17600704667993572 0.850939284708818 0.21267152972408776 -0.45754169261779687 -0.5430760647254791 0.9517743241121894 
-0.8784522328853364 -0.9468523378242484 0.9904765985931685 0.2984806086707199 0.9279183884667266 -0.9636937453024641 0.33587284792574157 -0.9951244979775833 0.9605520318137861 0.37378368291856656 0.7314796478775794 0.23424232872100093 
-0.8784522328853364 -0.9468523378242484 0.9904765985931685 0.2984806086707199 0.7133958752442628 0.612234892206601 -0.7192197274646646 -0.7141222022533362 0.2895248868319573 0.4472509505840099 -0.9118141050693835 -0.9405198693452479 
0.7133958752442628 0.612234892206601 -0.7192197274646646 -0.7141222022533362 0.21980207912709226 0.5508402516333435 0.6565140563402017 -0.679619414533708 0.9475679712445735 -0.4333164684425015 -1.8193012354306148E-4 -0.7357407281942232 
0.21980207912709226 0.5508402516333435 0.6565140563402017 -0.679619414533708 -0.07686852272993838 -0.7899758758422337 0.5090039818057257 -0.6041374309382088 -0.5383890996838774 -0.13471432389552862 -0.9423377256183723 -0.7329166560376659 
0.21980207912709226 0.5508402516333435 0.6565140563402017 -0.679619414533708 0.031141947301678963 0.5057430036696677 -0.6542629856752302 0.886082219318683 0.1873639295264211 -0.9573666471152376 0.8547940848987841 -0.9487618835245948 
0.031141947301678963 0.5057430036696677 -0.6542629856752302 0.886082219318683 -0.5295625788491731 0.037701172016821216 0.47948509235218406 0.3116551432593644 -0.2718501197298939 -0.23985014270237226 0.11523698468307275 -0.4289872607106895 
-0.5295625788491731 0.037701172016821216 0.47948509235218406 0.3116551432593644 0.8705855007495031 0.4661288224120419 0.24365712578221665 -0.4807345701954875 -0.8510192137594073 -0.06363781725810314 -0.6638727202300743 -0.6831112294212323 
0.8705855007495031 0.4661288224120419 0.24365712578221665 -0.4807345701954875 0.8537807408797722 0.649286113508939 -0.1253194688657251 -0.8101163366009219 -0.16453333503483947 -0.4906569461239938 0.2757231615551552 -0.523413533964397 
0.13751521021903845 0.30221139893909443 -0.8625512693433028 0.748079282897397 0.5818261632173924 0.609659720296245 0.40830762628357875 -0.43262865286291774 -0.19692688427177996 -0.33361473281065446 0.18413217927218195 -0.057587130760566874 
0.5818261632173924 0.609659720296245 0.40830762628357875 -0.43262865286291774 0.15695423943722386 0.8298885490919095 0.6243652503911226 0.6519087442098939 0.6861981189237061 0.367879979075856 0.49392503718951364 -0.06208810667209841 
0.15695423943722386 0.8298885490919095 0.6243652503911226 0.6519087442098939 0.8137078386213559 -0.6829495309520586 0.507637008262372 -0.5712647185577315 0.736531177672159 0.3668305711631503 -0.23353594032843783 0.7669861710044061 
0.05066676406677373 0.06513735623053996 0.5689236342659618 0.7142590301682794 -0.4135861466914319 0.47786558180721905 0.23171504193371883 0.09215208938249408 0.23694438351176283 -0.4355840709229164 0.30800452901016784 -0.5823554443723316 
0.05066676406677373 0.06513735623053996 0.5689236342659618 0.7142590301682794 -0.7928753683170695 0.07773814064475837 0.4131240053314793 0.10555081293977286 -0.6883545620025491 0.31004400165118073 -0.9911235805470278 0.6309116944082274 
0.5380088205860112 0.7391237905785284 0.24007434073323863 -0.9691761657740345 -0.7923292098173416 0.03575034472276073 -0.7581777680415165 0.8821252460510729 -0.6475386722788015 -0.24031457916449184 0.19140109620608703 -0.18625063728938573 
-0.7923292098173416 0.03575034472276073 -0.7581777680415165 0.8821252460510729 -0.8494432566865764 -0.8950745652302283 0.05106772462428455 0.04464775252499997 0.4733937777316215 0.05142151037471332 -0.16957573984581087 0.09498592284272012 
-0.7923292098173416 0.03575034472276073 -0.7581777680415165 0.8821252460510729 -0.7327076063683664 -0.8456080738909038 0.5419169756056568 -0.43043022974292633 -0.8748988535217854 -0.726443588417194 0.8069394073452516 -0.5305339984254585 
-0.7327076063683664 -0.8456080738909038 0.5419169756056568 -0.43043022974292633 -0.9606448791468447 0.7100873448018938 -0.7255454773705856 -0.8926239522367685 -0.22878071233029051 0.3497602141204599 -0.7437984409044303 0.7759104634115981 
-0.2885211689391223 -0.44796288172944587 -0.4598786996279671 0.39544700442321656 -0.6698718556540633 0.16831621960217547 0.9755345609451844 0.8329007794759817 0.2763931872758676 -0.2268003094850073 0.8796082139604955 -0.15803809869530583 
-0.055313127633119796 0.33526852585905864 0.057093832768895014 -0.10755161511098565 0.41548279271704747 0.3334546791721389 -0.9752685522841196 -0.19901522204561872 0.7778861359830809 0.3306836778317084 -0.1766670950017315 -0.07192655712165053 
-0.6269258262784305 0.5770396879625788 -0.26076855552725475 -0.8289202054583571 -0.2321510974204637 -0.6425127078472819 -0.15531133799370367 0.959333573008702 -0.16636332583007696 0.18185724304239104 -0.03081442792207567 0.5588082919811357 
-0.6269258262784305 0.5770396879625788 -0.26076855552725475 -0.8289202054583571 -0.22467633479756577 -0.7640715453691718 0.6121010221398557 0.9714581797846924 -0.7294618784398113 0.43701743587581876 0.4652410110054055 0.07402239518579035 
-0.22467633479756577 -0.7640715453691718 0.6121010221398557 0.9714581797846924 -0.2865995213355448 -0.12174026525103376 0.5971256571016896 0.9704024773667619 0.15751933472342516 0.060321820696272566 -0.9346371336555377 -0.8215498860391015 
-0.22467633479756577 -0.7640715453691718 0.6121010221398557 0.9714581797846924 -0.5878486102770728 0.059248951918369874 -0.44863978773517554 -0.9586056457458627 -0.9223272461147072 0.4451489546196201 -0.9038985798525367 -0.3844638943858212 
-0.8305829930440112 0.8868299204513161 0.5565356043662086 -0.7361739208837066 -0.26866056259092974 0.41536414800579613 0.7096179778294944 0.7745168455837208 -0.4627863381658677 -0.05349066871824282 0.9450283475344579 0.5394886789170421 
-0.2644357795158516 0.07138952020436862 -0.0692736826115623 -0.9663202556465529 0.9291312013403472 0.5600156155876104 -0.5365411903998794 0.8481469868242915 -0.20741060866546657 0.3250012434651226 -0.8914179628873995 0.7940199198383799 
-0.1946829012276836 0.04454530580799809 -0.976219948856186 0.7784784336184059 0.8201434497064954 -0.8271907688546887 -0.2536547886998559 0.3981002659890609 0.5742010849164283 0.6034981388801395 0.9924323666112 -0.9149672662734498 
0.8201434497064954 -0.8271907688546887 -0.2536547886998559 0.3981002659890609 -0.03119849515987827 -0.3055827976662333 0.13323347750570114 0.6572736890549646 -0.5870977699165152 -0.2268365568026829 0.5040103317654925 0.32618091216855394 
-0.03119849515987827 -0.3055827976662333 0.13323347750570114 0.6572736890549646 -0.3516523913558658 -0.5482258987531297 -0.4515812674188391 0.15101868275442798 0.8940300338557177 -0.21181060209847136 0.7996890596807913 0.7397361205803434 
0.8940300338557177 -0.21181060209847136 0.7996890596807913 0.7397361205803434 -0.5568850086011801 0.4852979996630309 -0.9089989221707051 0.38777523869718467 0.8319453452342664 -0.39322330359127045 -0.2976610004525111 0.16815284897455474 
0.5496834851588639 -0.8284482102993405 0.09397192135167409 0.0744146488173203 -0.9649865561818096 -0.7838452096170805 0.3880259496195473 -0.7648578655521296 -0.906239071128295 0.13295877297900938 0.1834607300003943 0.277609586011599 
0.5496834851588639 -0.8284482102993405 0.09397192135167409 0.0744146488173203 0.1937296944486564 -0.28481486324510485 -0.7772366468557872 -0.5527747084437566 0.5375838968422557 0.7667648336832071 0.09611005951305662 -0.9863068264785486 
0.5496834851588639 -0.8284482102993405 0.09397192135167409 0.0744146488173203 0.23906122739741376 -0.13934738216212317 -0.7972206727383948 0.08516867603211908 0.08331915383721333 0.8951644911577294 -0.9309256001984041 0.1356395251051381 
-0.5726330386416005 0.698704713413856 0.5777464505239431 0.26221269146058024 0.14696596771595005 0.6749040139650906 0.8849050310845858 0.9169505042434185 -0.776765539707545 -0.8385788572014536 -0.30151162166773204 -0.02558875643311742 
0.14696596771595005 0.6749040139650906 0.8849050310845858 0.9169505042434185 0.42808830025544053 0.07223184331157473 0.6876374394977958 0.28352478998134933 0.7220471587271389 0.31768236462658916 0.6642508417066815 0.02534147693982791 
0.42808830025544053 0.07223184331157473 0.6876374394977958 0.28352478998134933 0.04009754968136958 -0.9738687299437432 0.8726316388681967 -0.7743953125567495 0.7277486590096314 -0.36370369414035886 -0.18701934078506888 0.07830776484981516 
0.7277486590096314 -0.36370369414035886 -0.18701934078506888 0.07830776484981516 0.37705785619262455 0.560302422200021 -0.8802680947864077 -0.895068533319856 -0.3226803868762065 0.9342955046150097 0.38424221973366124 0.029702578191993956 
0.37705785619262455 0.560302422200021 -0.8802680947864077 -0.895068533319856 -0.5641278668418661 -0.8889469287372189 0.07372913457605179 -0.05679089661652137 -0.4994634206068047 0.7105283339462813 -0.19081622401051712 -0.18061846013984462 
0.27017044037658744 -0.7980074434780362 -0.4875877993033775 0.32591958026139234 -0.7210827568031775 -0.8256185280625137 -0.18731815632965443 0.1399060405090291 0.6027654942015277 0.39780050854846816 -0.9722969335729648 -0.4694897953453676 
-0.7210827568031775 -0.8256185280625137 -0.18731815632965443 0.1399060405090291 0.26141928737823905 -0.14694788466152464 0.002084162387773203 0.8037131897086864 0.5871773107001592 0.5310161403640072 0.4539544143277008 0.546015369299033 
-0.5046746185227486 0.9530469458776389 -0.8805644178754821 -0.24664846030092957 -0.48392450113637153 0.5649116415203177 0.5116564308341975 0.7982467028394795 -0.6221985483966168 -0.33616937133812086 -0.8061846306814968 0.8912613127887881 
-0.5046826655412961 -0.046942575546554455 -0.35677212579364537 -0.24999610239142123 -0.24607777246128637 -0.0648323810198197 -0.7844518824906563 -0.11734126246499144 -0.6360682658953505 0.5138823099183838 0.5844323391691646 0.7775993015348803 
-0.5046826655412961 -0.046942575546554455 -0.35677212579364537 -0.24999610239142123 0.8243910637482466 -0.9046219380116982 -0.25474659854163595 -0.16765704154068128 -0.7416814335534505 0.911761987740727 -0.8305663678465973 0.8173686430928535 
-0.7416814335534505 0.911761987740727 -0.8305663678465973 0.8173686430928535 0.8947961814060255 -0.4331145627831281 0.12356823551820195 0.28448880225475803 0.31061828038386774 0.5532325917545411 -0.1322883716112997 0.6381556298748916 
0.9798156333361632 -0.3779941778090903 0.10080638154458521 0.02741489385210083 0.14947770130013982 0.5723408407213819 0.782080059321205 -0.18429729889203816 -0.38698796603948127 0.9074841520901626 -0.9514419359528783 -0.001504375886695053 
0.9042550045670281 0.48842079060916577 -0.2972953556005853 -0.21995634355598703 -0.8876848520221376 -0.034443097418192625 0.036038338738612063 -0.5868312401748654 -0.4896627810961265 -0.14393315122409 0.5456590849035574 0.5622492729555792 
-0.4896627810961265 -0.14393315122409 0.5456590849035574 0.5622492729555792 -0.6508701906573238 -0.11682018659503823 0.8327887665505513 -0.5070695778937935 0.4760732082041754 0.42231074112158806 -0.07607096127373936 -0.7923879526588 
-0.4896627810961265 -0.14393315122409 0.5456590849035574 0.5622492729555792 -0.09017327733791625 -0.2568371921211836 0.8184289794980328 -0.7012360324756843 0.10367340181145002 0.4845418083191497 -0.4282278073696175 0.31000759301314806 
-0.7456903314871302 0.8851901262112236 -0.8188659381812109 0.17391291052944058 -0.24157022538001272 -0.1706686486157396 -0.9309034051354081 0.3033266445048728 -0.42920691915789266 -0.9816659378373098 0.6107626552093164 -0.43675993224729814 
-0.42920691915789266 -0.9816659378373098 0.6107626552093164 -0.43675993224729814 0.07215890216439624 0.6540328402098314 0.12267227386674029 0.45003536769786967 -0.12084288091328443 0.31016070133655926 -0.8628885612485175 0.9200338415800959 
-0.42920691915789266 -0.9816659378373098 0.6107626552093164 -0.43675993224729814 0.9923575695441322 -0.09007528956307942 -0.5693832891006105 -0.08414446091073091 0.07269126193486097 -0.18749451052883703 -0.8351498501444443 -0.26580055263696956 
-0.14852520712050032 -0.25504765722141687 -0.11649128835312972 0.00661185437107914 -3.1126047957918956E-4 0.9276040273922155 0.23663979589303819 0.5216395816627417 -0.14485040385099013 -0.9457324493607882 0.7993002468676371 0.6628674274524837 
-0.14485040385099013 -0.9457324493607882 0.7993002468676371 0.6628674274524837 -0.786538923202154 -0.6057455237351563 0.8851067859163326 0.1387139604759906 -0.5931366187846872 -0.22396075716626584 -0.549448930829685 0.7547048408473371 
-0.786538923202154 -0.6057455237351563 0.8851067859163326 0.1387139604759906 -0.7851317986121795 -0.17704236353092995 0.737540986907592 -0.3241936298083137 0.8248638639322003 0.21670320103452356 0.36327851338530714 0.30163839013482097 
-0.6087262620259912 0.17903878728909883 -0.34958169608882494 -0.44958903935026817 0.3199142213845616 -0.8147374531288305 -0.6908738530991487 -0.04261817172719762 -0.8012587277886987 0.9244112677757117 -0.6274213141162124 -0.24943096195129755 
-0.44994378175910676 0.12858496702424138 0.624350024622109 0.2193841699853838 -0.552506008935175 0.23719662584361179 0.6437631429764685 0.47114092085284254 -0.9151030819939527 -0.5297468195249879 -0.08652897777224422 -0.7997539018322726 
-0.44994378175910676 0.12858496702424138 0.624350024622109 0.2193841699853838 0.5835965840478539 -0.5042305775685532 0.5740611502730608 -0.21119319240655865 -0.8607682145138185 -0.35492615180318166 0.9938979393720846 -0.2476074076382191 
-0.44994378175910676 0.12858496702424138 0.624350024622109 0.2193841699853838 0.33653721980914386 0.22568184663189705 0.08758939664110654 0.7210518274157565 -0.6260380706329558 0.7701422291679108 -0.8415218205243666 0.08378351261058503 
-0.44994378175910676 0.12858496702424138 0.624350024622109 0.2193841699853838 0.6365818253703714 -0.0776724131711235 0.02354531990112063 -0.6870788832171904 0.7604188352541934 -0.9179836022364714 -0.6796230454324899 -0.6720700374846384 
0.6365818253703714 -0.0776724131711235 0.02354531990112063 -0.6870788832171904 0.22124885053444632 -0.31697548510043805 -0.44799458984961227 0.3608427782839243 0.336566411536942 -0.9173396109653023 0.9976503623106883 -0.09908464145412177 
0.6365818253703714 -0.0776724131711235 0.02354531990112063 -0.6870788832171904 -0.13070066636909883 -0.8102279527632994 -0.11302863659854778 0.5845536882779687 0.0849905825420092 -0.7041362015374544 -0.567080536754121 -0.24688120115409395 
0.6365818253703714 -0.0776724131711235 0.02354531990112063 -0.6870788832171904 0.7418877881675034 -0.16295388989705462 0.6454702206949989 0.540970446079484 -0.23275665708139393 -0.06729897311912203 0.5189592364525417 0.5721969974429111 
0.47655708983811773 0.12245770144805657 0.4935734391701032 -0.5631914634313984 -0.6006985383251318 -0.9756612720310365 -0.3968926412672482 0.6299180248372922 -0.7477744816089762 -0.07082557411255097 0.8645103330954325 -0.3768514449152871 
-0.7477744816089762 -0.07082557411255097 0.8645103330954325 -0.3768514449152871 -0.9849864685900327 0.5651507264007238 0.20261586241367824 -0.14499670081200478 0.004152523843047096 -0.5729738416813435 0.7105826546098437 0.6111430715273691 
-0.7477744816089762 -0.07082557411255097 0.8645103330954325 -0.3768514449152871 -0.4815466662958492 0.4713517001769778 0.4305892965206979 0.26447833306901813 -0.25663630400891835 0.2550600213390539 0.7831411449659458 -0.12007410337358793 
-0.4815466662958492 0.4713517001769778 0.4305892965206979 0.26447833306901813 0.4973120801634283 0.10016553513587234 -0.05919449959282841 0.1015486632619158 -0.7922802907966546 -0.29438156499966084 -0.6110452838632499 -0.7974373716665699 
-0.4815466662958492 0.4713517001769778 0.4305892965206979 0.26447833306901813 0.08772961443036364 0.3860192052466447 0.9655818169940031 -0.07337234334029552 -0.8597462382347802 -0.6971101128654205 -0.49112661312391603 -0.733005257005412 
-0.8597462382347802 -0.6971101128654205 -0.49112661312391603 -0.733005257005412 0.8848954053236688 -0.05043416044159654 -0.2788197148086442 0.8769214908539618 -0.9736554044738344 -0.39471121100816675 0.11954204671803348 -0.33910376118894714 
0.061086847280410694 0.23745463478613993 -0.6473300824792354 0.7722498489387737 0.4944681657496486 0.8397694465546657 0.499929444358423 -0.4023913254914835 -0.5858040355538958 0.3990154117485716 -0.23314896550335185 -0.49985747631090693 
0.8425021853090502 -0.7157769279609776 0.5183531454500205 0.31646247912547 -0.8188938101073353 0.8055299809590819 0.024724751333389472 -0.5027254036471087 -0.25216790019215507 0.8061487317892866 0.7726603488753172 -0.25923762901479486 
0.8425021853090502 -0.7157769279609776 0.5183531454500205 0.31646247912547 0.37698421076005206 0.786032492247996 0.7632667336914498 -0.6992697146538631 0.8738798587718646 -0.41076513762658906 -0.6096174319148642 0.9434054014222968 
0.8738798587718646 -0.41076513762658906 -0.6096174319148642 0.9434054014222968 -0.47435379433893665 -0.6774553552519711 0.9234509829525739 -0.6995775915774998 0.9731990495586709 0.7455954272819678 -0.34513579354163904 0.9533032952743765 
0.9731990495586709 0.7455954272819678 -0.34513579354163904 0.9533032952743765 -0.18426297244627898 0.33582988058831464 -0.08530236333548769 -0.00687100531183682 0.1538590711552108 0.9406156249558915 0.9068628278540769 0.37342128407231634 
-0.8541610498954129 0.37000836318435293 0.9290067476515724 0.7932098506741341 -0.5179601796683855 -0.9155780843266577 -0.5098188147563918 0.24318048924420377 -0.2544627564374624 0.7185109242710228 0.15275511862993185 0.1213440190909143 
-0.8541610498954129 0.37000836318435293 0.9290067476515724 0.7932098506741341 -0.48604048133570243 -0.7636419855519108 -0.13999659845916224 0.6670565402647137 -0.41379318235868356 0.24227444642232077 0.4888637103105735 0.29785746779835565 
-0.8541610498954129 0.37000836318435293 0.9290067476515724 0.7932098506741341 -0.7839905581671329 0.6132075141208106 0.14777813883770152 0.573323377261211 -0.22425439545681658 0.6366521866506327 -0.7743474853593029 -0.02623159063782099 
-0.22425439545681658 0.6366521866506327 -0.7743474853593029 -0.02623159063782099 -0.27953788480706954 0.028424751410526694 0.04920245892929498 -0.9028410831800837 0.5249988152549585 -0.7564140274558582 0.0652864510265656 0.9424491225566511 
0.17916983407509535 -0.5513032647085139 0.7774486904623923 0.4669746723130519 -0.44972264762625147 -0.5580143841695677 -0.41676499597349204 0.45506395273996425 -0.5254631153894254 0.038354030535384886 0.16916374101678788 -0.9768048617784582 
0.579786164338526 -0.4824781068454722 0.8324901926010762 -0.02397813948907701 -0.013116851136053986 -0.3276907195946335 0.06352514410682697 0.7893463830715322 0.8909519268060175 0.3218373183591443 0.8225072061025349 -0.8169791682077818 
0.579786164338526 -0.4824781068454722 0.8324901926010762 -0.02397813948907701 0.34356839345945955 0.534853391272532 -0.27407890285070735 0.45677934999330905 0.20530012209007809 0.5634208540339523 0.4788683783289296 -0.8431669633699064 
-0.9973575858604351 0.0696239691348346 -0.3203343823792797 0.7436769036856912 -0.11244647761407855 0.25549370793781856 -0.21798592514423887 -0.9784678404871903 -0.8694452192448567 0.684506373005862 -0.47937245818640206 0.2012416762660032 
-0.8694452192448567 0.684506373005862 -0.47937245818640206 0.2012416762660032 0.98903673935163 0.6704827021954056 -0.20662981157060667 0.8148812044907927 -0.9918087154430106 0.47134385193550843 -0.44649713342689235 -0.12442497348671733 
-0.9918087154430106 0.47134385193550843 -0.44649713342689235 -0.12442497348671733 -0.4700421089325113 0.3926735842107656 -0.9991283180456401 -0.8432406811008901 -0.5456561883035198 -0.8514114892920994 0.059922531963746195 -0.7287999050325753 
-0.4700421089325113 0.3926735842107656 -0.9991283180456401 -0.8432406811008901 0.8773610071532547 -0.16372772204052932 0.16651999081326307 0.2069896792840411 -0.5512363458528426 -0.9036046818924799 0.3938370317167419 0.5996040203805755 
-0.4792225081962076 -0.9591881364227126 0.9370900318426729 0.9450076046637503 -0.338056096098464 -0.7212053538979226 0.036669423630282916 0.7400529919961063 -0.7256307053866538 0.06361898507975017 0.6003221220104196 -0.713467132518363 
-0.7256307053866538 0.06361898507975017 0.6003221220104196 -0.713467132518363 -0.13956001526337114 0.8998677686980934 0.40679503125202343 0.8011925058404676 -0.2319014641956343 0.12225471451395586 -0.16854485026176858 0.4620540456695055 
0.26548049805965834 0.013409810313458337 0.3041949361618934 -0.897329039625544 -0.02844992857387596 0.9902207074558109 -0.20750015676920475 0.8627308923910662 0.2014375982827874 -0.9567919722583531 -0.18643410665686466 0.608298240241016 
-0.02844992857387596 0.9902207074558109 -0.20750015676920475 0.8627308923910662 0.7707256772870037 -0.6761535544660353 0.354162970230401 0.8518558809093986 -0.637109848275413 0.4350312343237406 0.360465145357284 -0.5093361730711226 
-0.637109848275413 0.4350312343237406 0.360465145357284 -0.5093361730711226 0.5241660487916142 -0.2931587826200581 0.395524703677832 -0.6335605747354653 -0.22759419414627136 0.37081199915418583 -0.5575187094175529 -0.04380358438009657 
0.8613355166682717 0.6576790872610496 -0.5491431617612685 -0.290949110808727 0.07727015725401687 0.17282408402342697 0.5633776526897953 0.028219291630718013 0.26673924502648827 0.7658272161317146 0.5241032073296938 0.15547341880440357 
0.26673924502648827 0.7658272161317146 0.5241032073296938 0.15547341880440357 0.3942957529090927 0.6708481141042597 0.7296356742312673 0.5312070503320521 -0.6540708171387692 -0.9105163503936191 -0.32311985968105983 -0.8554101211502374 
-0.6540708171387692 -0.9105163503936191 -0.32311985968105983 -0.8554101211502374 0.4902738595907912 0.03756616976172489 -0.22909517316110106 -0.6323943342879708 -0.9181827333882446 -0.22085194595108626 0.8302544922646322 -0.5417995392019299 
-0.9181827333882446 -0.22085194595108626 0.8302544922646322 -0.5417995392019299 0.5923720146093268 -0.4509682222276854 -0.9888481323054235 -0.6301242545459451 0.6090847108090864 -0.5335683879501913 -0.20428908969263815 -0.2244846150416533 
-0.2152769080989736 -0.3986425722027429 0.08369708615588589 0.32874506220978916 0.7137399298783602 0.11465796633703507 -0.25297972946449954 0.07923668288296692 -0.8289812419223552 -0.2217080222070571 0.29495400107219205 0.28783892456136884 
-0.5392837426487362 -0.7983710629033343 0.550941852600279 0.7033495202892439 -0.3080869885926705 -0.49212326993437716 -0.09860736757189703 -0.08932916349812947 0.3118449521737592 -0.01976200902934422 0.5598324884737433 -0.9526394842004386 
-0.3080869885926705 -0.49212326993437716 -0.09860736757189703 -0.08932916349812947 0.33871493226387783 0.37625641745169425 -0.1251822134241627 -0.11686311770517643 0.05700847920558161 -0.0761575808000452 -0.1118998201166106 0.46517307121162244 
-0.3080869885926705 -0.49212326993437716 -0.09860736757189703 -0.08932916349812947 -0.9586494426209826 -0.6018450858614361 0.6488094985920021 0.4728873104875859 -0.21419820102275677 -0.6753778428224444 0.2959376512202956 -0.06069612823623283 
-0.9586494426209826 -0.6018450858614361 0.6488094985920021 0.4728873104875859 0.8342346341455615 0.036202832970484655 0.015416572274744356 0.5116851637190538 0.6335014370480831 -0.32372036291533934 0.552600008158415 -0.3339917792273859 
0.02220336849671245 -0.5598206015784357 0.6423401799415904 -0.3537719280640619 0.8326045346019153 0.030552277396336924 0.6244921437361293 -0.1048452525365533 0.459778358959563 0.6587991586646094 0.25928035963067075 0.1741846886271432 
0.459778358959563 0.6587991586646094 0.25928035963067075 0.1741846886271432 0.3876029092835518 0.0829850913501633 0.028085282430108993 -0.6815272147363354 -0.14786262902663982 0.28358209760772346 -0.21495671011403283 0.285281645847304 
-0.670383605711784 0.8502087047790596 0.9097666859557936 0.2178188305396913 -0.461854252618322 0.011660199020276263 0.41877078645901866 0.1667409185508597 -0.03260567999787356 -0.5012208783777738 0.9165940342701486 -0.42788291686984126 
-0.670383605711784 0.8502087047790596 0.9097666859557936 0.2178188305396913 0.7772051109150795 0.6867196031579237 0.5025722839889009 0.4942412121240669 -0.05439782017991912 -0.8166467996997324 -0.41379329673770004 -0.7118032955055815 
-0.670383605711784 0.8502087047790596 0.9097666859557936 0.2178188305396913 0.322735612735098 0.03920057865985749 0.8958101945164811 0.8119802392139919 0.6513934374152226 0.28061817981970316 0.8442242694748663 0.5233491254868714 
-0.670383605711784 0.8502087047790596 0.9097666859557936 0.2178188305396913 -0.6425252803606343 -0.015342568487267227 0.13158001052500445 -0.7465360474745137 -0.168693161704893 -0.41924033336779276 -0.4990684886985981 -0.9905019746735231 
0.04919884525230778 -0.5361523678408069 -0.926750886222993 -0.27558126159763163 -0.4076730021886701 0.11598061891676559 0.5012627857598277 0.16192757304259198 0.7812599573293244 -0.3590034046563788 0.16689622381503955 0.14697644612177663 
-0.4076730021886701 0.11598061891676559 0.5012627857598277 0.16192757304259198 -0.760022694819366 -0.6539141061836555 -0.07100079594755249 0.38393991360406554 -0.5757981991021071 -0.7423917494310113 -0.2760650309554593 0.06567114704002841 
-0.4076730021886701 0.11598061891676559 0.5012627857598277 0.16192757304259198 0.43503651812503685 -0.9142199842282777 -0.33520299805156806 0.06284911567680163 0.05519664283241599 -0.9140348869979003 -0.5858970467145574 0.14990575916298954 
-0.3032144583059406 -0.20884049052047993 0.17531549220861664 0.6355807572312613 -0.8393985307360603 0.33864810208685414 0.32286770363463946 0.9434514540137218 -0.629995777002609 0.6389773697908074 0.8442802388796513 0.25870311341718844 
-0.629995777002609 0.6389773697908074 0.8442802388796513 0.25870311341718844 0.6397517376459398 0.4336121753679152 -0.1366955523799258 -0.9126830406830218 -0.12002960069017599 0.5388277676532993 -0.6452085670141641 -0.10401852613421214 
0.6397517376459398 0.4336121753679152 -0.1366955523799258 -0.9126830406830218 -0.9066654461945609 0.573552313615245 -0.36928630313488053 0.00899345120291195 -0.48306024823325666 -0.7475340542572804 0.6566649424716204 -0.21007158234308276 
-0.48306024823325666 -0.7475340542572804 0.6566649424716204 -0.21007158234308276 0.43356552154662875 -0.8863179367527103 -0.32168793237010695 0.5370723479073349 0.7460609521357608 -0.7968780004588358 0.5388293247855074 0.7466609513619538 
0.43356552154662875 -0.8863179367527103 -0.32168793237010695 0.5370723479073349 0.8655688096990763 -0.2173185592446163 0.2872154102787945 -0.9384085993823092 -0.570229790966625 0.7473793601336891 -0.38718282995748754 0.006989581351076524 
-0.8403391393006674 0.0029629307352248 -0.9354829664385047 -0.49915676230496353 0.9176978172980426 -0.46512851150552237 0.3760221969308084 0.29117958843646585 -0.7935430205921599 0.009210439580991991 0.7056519318297769 0.13396912782040626 
-0.8403391393006674 0.0029629307352248 -0.9354829664385047 -0.49915676230496353 0.2776116898418477 -0.7436177833635744 -0.6658826833147269 -0.9286617878745074 0.6805644889618985 -0.77884736458752 -0.6383867297661014 -0.6730186227513402 
-0.8403391393006674 0.0029629307352248 -0.9354829664385047 -0.49915676230496353 0.6636671324577845 0.6226356752369209 0.1580775569248647 -0.5048263203228693 -0.12059591217170196 -0.7675390126216066 0.26650043977606774 -0.0837053197309714 
-0.8403391393006674 0.0029629307352248 -0.9354829664385047 -0.49915676230496353 0.3457980028068226 0.09701236811500724 0.5973585513015076 0.6253032178593065 0.6621973262442911 0.2601106108460731 0.20844721113189912 0.04628817854681011 
-0.7481948191955929 -0.17157529057094267 -0.7435516387553209 -0.7820282680820012 -0.22203014773304108 0.4832450107758788 -0.715380163905833 -0.6278024184792022 0.6352751661992813 -0.26147251807337923 0.8754628282609838 0.3170622709301907 
-0.6824662005848727 0.09787804977007442 0.3777487069277847 -0.5329408868295025 0.931961623254185 0.5316735268891037 -0.8744558052205271 -0.13763783183491007 -0.1801946582801035 0.44404278888295834 0.6945807435737457 -0.007620029133885486 
0.931961623254185 0.5316735268891037 -0.8744558052205271 -0.13763783183491007 0.547749132969594 -0.33181727842325737 -0.7352883412739035 -0.7940467377142859 -0.859672234423279 -0.015419026567289773 0.15984910251386286 -0.13467936464063057 
-0.859672234423279 -0.015419026567289773 0.15984910251386286 -0.13467936464063057 -0.28975260098326094 -0.12317001020898943 0.5958209289699179 -0.7943398272863944 0.9647756928258489 -0.6012612462270408 -0.722019676691259 0.7820846373795014 
-0.859672234423279 -0.015419026567289773 0.15984910251386286 -0.13467936464063057 -0.8949939299629883 -0.5803103965178229 -0.9174301882479579 -0.08245545267403953 0.8411874096849588 -0.8395384111228212 0.9677494907246331 -0.4612130540362196 
-0.859672234423279 -0.015419026567289773 0.15984910251386286 -0.13467936464063057 -0.4084974668594932 0.35533091240750725 -0.27824450549037283 0.35700868303596756 -0.4178938428709549 -0.9411304579839337 -0.14072810772194488 -0.10573400559943047 
0.7074590698320307 0.8669062272213015 -0.02247462810689904 0.6046589558873325 -0.4756791350391649 0.791753454243332 -0.8232731663376147 0.44637475232951895 0.3500807674965878 -0.23841577165673677 0.32283332417394184 -0.9168647664495253 
-0.4756791350391649 0.791753454243332 -0.8232731663376147 0.44637475232951895 0.8339296945907007 0.17974806657435294 0.08964362027217776 0.20660863053559098 -0.40974383382571866 -0.885324935417602 -0.3749023059002321 0.1105781398304917 
-0.40974383382571866 -0.885324935417602 -0.3749023059002321 0.1105781398304917 -0.011780808156864664 0.4984127379260843 -0.532107191574531 0.11334324432371856 -0.5130715640883461 -0.3455268613351634 -0.9125093140565244 0.22547690786697783 
0.8612028984307609 -0.42716319998081875 -0.5444787275322343 -0.9311633434922657 0.7647692066779685 0.9073125980567682 0.4581791594481168 0.14718517957065314 -0.0020417133984400593 0.6522783944889581 0.19748788986220833 -0.39236497473295406 
0.7647692066779685 0.9073125980567682 0.4581791594481168 0.14718517957065314 -0.5005563813923148 -0.39287669436356265 -0.2778969534541105 0.077099095162243 -0.15093220516223127 -0.7256925032188049 0.4045050176129621 -0.9860280599747095 
-0.5005563813923148 -0.39287669436356265 -0.2778969534541105 0.077099095162243 0.8200883983291194 0.36080685696292925 -0.6467023566938841 -0.6423018161607841 0.728092541955554 -0.017195429371268167 0.24902736180533291 0.9218373023004336 
-0.6038328548507244 0.39484013635273385 0.9104393395888548 -0.30347413552141544 -0.09325072814199542 0.6873450184584697 -0.48832097228028704 -0.6063364652355616 -0.5298993424309002 -0.493832833416054 0.6408752873414316 -0.7461963651954431 
-0.5298993424309002 -0.493832833416054 0.6408752873414316 -0.7461963651954431 -0.5502075275727645 -0.4627401903196837 0.5349418745074441 -0.48511047059606227 -0.22688073615706927 0.6341783535107426 0.8020290988784908 0.670049450761363 
-0.5298993424309002 -0.493832833416054 0.6408752873414316 -0.7461963651954431 -0.22189281933176397 0.7589946785527102 0.01981320613852544 0.4480900400338932 -0.45903669692223437 0.8526014614285651 -0.4609817657925326 0.11190466513617969 
-0.5298993424309002 -0.493832833416054 0.6408752873414316 -0.7461963651954431 -0.47886520197658045 0.4143588528254354 0.8125568144839659 0.51043508930644 0.5981499979843237 0.9103899317327557 0.9821736087961372 0.5539043813250435 
-0.5298993424309002 -0.493832833416054 0.6408752873414316 -0.7461963651954431 0.02035743011555713 -0.07038418139135105 -0.23314515488496856 -0.419951890610367 -0.6172547790233409 0.9282531010679198 0.7187015758952866 0.8105539304470075 
-0.5298993424309002 -0.493832833416054 0.6408752873414316 -0.7461963651954431 -0.6169776827946483 0.5294040888572162 -0.8612770401589371 -0.6898463912497725 0.14576950043198833 0.8702114545808379 -0.10103110065732457 -0.8438771868182413 
0.6374696637778514 -0.06717400947116658 0.3878241666495452 -0.4428788969825863 -0.3020384235840108 -0.21629415967190058 0.5439232756432779 0.07915965866760843 -0.21858472575049803 0.4581473330496899 -0.15868143418463543 0.8195025049883073 
-0.3020384235840108 -0.21629415967190058 0.5439232756432779 0.07915965866760843 0.8335148769054492 -0.026819258320807338 0.7806604860975244 0.6908717744195432 0.9369439221029978 0.4575056458687521 -0.9206509207215448 -0.8110504207316331 
-0.3020384235840108 -0.21629415967190058 0.5439232756432779 0.07915965866760843 0.07367847193309207 0.6688495058702426 -0.31186181408312774 -0.6658697933727407 0.29715273884831395 -0.06438078271415759 -0.02441559414405403 -0.6640930086315462 
-0.027653403458949066 -0.5082861530297842 0.3534375860078294 0.5851650807776001 -0.23694947546794554 0.43801958338227553 -0.2392351016696359 -0.7467647317053521 -0.02313061918717696 0.7454365206104399 -0.11887506644428458 0.5878135315532855 
-0.23694947546794554 0.43801958338227553 -0.2392351016696359 -0.7467647317053521 0.9875323756384311 0.6379244803905728 -0.9990653400704237 -0.2886510787002958 -0.7857109029562568 0.022238222159140397 -0.22917463379925151 -0.5268853530919093 
0.9875323756384311 0.6379244803905728 -0.9990653400704237 -0.2886510787002958 0.3334813628839759 0.9994993519785891 0.40503533322826146 0.06378453879229218 0.18460649681531405 0.077572825991165 0.014518978393530446 -0.13196171061493422 
0.3334813628839759 0.9994993519785891 0.40503533322826146 0.06378453879229218 0.001411240448885298 0.47354180618115627 0.15186866013037714 0.44636018126627586 0.3682214013813556 -0.04492040375107442 -0.30167154303060206 -0.6045759253147556 
0.001411240448885298 0.47354180618115627 0.15186866013037714 0.44636018126627586 -0.2513216789477213 0.32006250111110135 0.058081628646017736 -0.43915756090338554 -0.45043117012902933 0.11937475444436574 -0.8339498601336406 -0.0354166465772332 
-0.22484383131220076 -0.14441994926631097 0.12129960392534045 0.43061433361620605 -0.20598549444412417 0.08197662057620025 -0.23909636440386173 -0.3766611633611858 -0.22850466695388816 0.6858165138733849 -0.5274397899963654 0.8515664206866322 
-0.22484383131220076 -0.14441994926631097 0.12129960392534045 0.43061433361620605 -0.5322966535496882 -0.4227951739801714 -0.3696616968906681 -0.12013638209367472 -0.28587052486351405 0.3223305058802832 0.31943001473025534 0.5397419992367798 
-0.28587052486351405 0.3223305058802832 0.31943001473025534 0.5397419992367798 0.7235221129457765 0.0788435531738545 0.5931167316577035 0.7879033587498101 -0.5679215863392189 -0.10601339558094791 0.46819669726663604 0.9228215988553761 
-0.8702848206351315 -0.2873324183766748 0.8982997073440773 -0.9639174168127096 -0.005286199974570582 0.10162792353004368 0.5554434704284301 -0.6123454064443963 -0.8884316042417999 0.16129208479456625 -0.926590570044292 -0.5463000462899756 
-0.8702848206351315 -0.2873324183766748 0.8982997073440773 -0.9639174168127096 -0.47179611580862524 0.18891971437482358 0.09050400261366387 0.8412999562390671 -0.22615535729391767 -0.20272238158162237 -0.8704397911921733 0.2380519120273612 
-0.8702848206351315 -0.2873324183766748 0.8982997073440773 -0.9639174168127096 0.050806053645243265 -0.9182702053510612 0.2069459711307211 -0.032215786672623814 -0.6124414630764818 -0.15899345217925154 -0.003480059714294992 -0.26561260578138546 
-0.8702848206351315 -0.2873324183766748 0.8982997073440773 -0.9639174168127096 -0.9844443554336484 -0.15151283077111755 -0.4267115105684507 0.8254614266160063 -0.27979934202874635 0.5499857826251606 -0.9661436911765802 0.9945657809844077 
-0.8702848206351315 -0.2873324183766748 0.8982997073440773 -0.9639174168127096 0.271223120733729 -0.6563217822410445 -0.1668405594171618 -0.40279054703493355 0.22795144573948645 -0.8744258716929925 -0.1852109802102191 0.659010844508451 
-0.8702848206351315 -0.2873324183766748 0.8982997073440773 -0.9639174168127096 0.6364509882757989 -0.18573086024012797 0.3704929749079007 0.30429282928565304 -0.6195815566227216 0.5580741046429054 -0.5411735998841927 -0.3004422071748949 
0.7594825135188432 0.29612470025697735 -0.6337846086794381 -0.624649275126945 -0.7566290684599237 0.5726597149253776 -0.34920831321770796 0.1829682043205394 0.014136305703140506 0.4756770585295276 -0.8655728911803007 -0.5682624424548368 
0.8808210610692189 0.3772603430019288 0.3416348864673793 0.7653585445907469 -0.016775608962217747 -0.13908813067817882 -0.23884652107163573 0.23873351357834038 0.23320806714536269 0.06952145896848871 -0.09669901705488226 0.8915169549446356 
0.23320806714536269 0.06952145896848871 -0.09669901705488226 0.8915169549446356 -0.3092710391697975 0.8427902642957323 0.454797144904431 0.16936899564862706 -0.6052668259076401 -0.7697793883590909 0.21062075822637305 0.6829668245232137 
-0.3092710391697975 0.8427902642957323 0.454797144904431 0.16936899564862706 0.5826713322679182 0.7225925752622446 0.2760364311355017 -0.8545768487276806 0.9967980263431175 0.2373339165508317 0.028885758683796725 0.7322105682538216 
0.9967980263431175 0.2373339165508317 0.028885758683796725 0.7322105682538216 0.567667120255346 -0.8281400091909279 0.5565798023355375 0.2574686087309901 -0.34935373173608464 0.961572513573935 0.5982996643320393 -0.43479366767330796 
0.9967980263431175 0.2373339165508317 0.028885758683796725 0.7322105682538216 -0.6049849481048526 0.26478390416460296 -0.18512506534288375 -0.9344963629828285 -0.6888635895993911 -0.7148852706398285 0.5341401954668803 -0.5921473299803557 
0.9967980263431175 0.2373339165508317 0.028885758683796725 0.7322105682538216 -0.7056944304148933 0.0777430532284269 0.6944201926817208 0.23329365414242775 -0.6404385366931944 0.14916596335776 0.9804149987324338 0.46291486223112255 
0.4442856063125731 0.11394421197513127 0.764530130690469 0.0690633311817821 0.5700147539608069 -0.8600201444683875 -0.8244185298123254 0.1680640763989043 0.24894688176794078 -0.38809275654147535 0.5123373529484498 0.6263645982668482 
0.5700147539608069 -0.8600201444683875 -0.8244185298123254 0.1680640763989043 0.20207504982269886 0.44380500562848635 -0.07686236521585776 -0.6937933468893096 0.17021197987133707 -0.4538259805821663 -0.8039567426223184 0.6034933800464324 
-0.3124343803110967 0.989156023347453 -0.1524295711830428 0.544839871468858 0.268897713487136 -0.4727353011974951 -0.48567554749948894 0.7429581945956973 -0.8896101477025464 0.041678230863290366 0.21109023966685503 -0.18916642864249056 
-0.3124343803110967 0.989156023347453 -0.1524295711830428 0.544839871468858 -0.9172763315367058 0.024956886072636797 -0.9406150843430663 -0.420977251512862 0.8428096397105462 0.7530968142879355 -0.811443552403067 -0.205803956802024 
-0.9172763315367058 0.024956886072636797 -0.9406150843430663 -0.420977251512862 0.5069257772568867 0.2618415173579569 0.7798215208057373 -0.6078657301861958 0.9486265928971624 0.27265713199221886 -0.9857892906552712 0.6345336702692979 
0.5069257772568867 0.2618415173579569 0.7798215208057373 -0.6078657301861958 -0.5182878764801127 -0.19110783882571747 0.44838695444202825 0.46791037982857997 -0.35697858658716375 0.7324148560872683 -0.5146620759226008 0.16477067388128264 
-0.5182878764801127 -0.19110783882571747 0.44838695444202825 0.46791037982857997 0.49141568360361854 -0.8483616284500002 0.2554431324205124 0.2920642248658203 -0.897006372553236 0.3419092425453032 -0.1737240076447637 -0.2380380186798403 
0.49141568360361854 -0.8483616284500002 0.2554431324205124 0.2920642248658203 0.9422382586559246 0.9460616179484904 0.35097957918576994 0.9947073448086552 0.2424839601561668 -0.0217059979030787 0.35842711599023525 -0.07173025927539345 
0.7734362145347566 0.6850577426973352 0.6250425223933955 0.09095824730925695 -0.8932059167710966 -0.9325710663788938 0.16911974190235002 -0.2060674279354031 -0.035945643048334475 0.005731691884718115 -0.1340659790521037 -0.09460936989785163 
0.7652593624817885 -0.8568787661790773 -0.5249568084079062 -0.0409991030995116 -0.23044775178343735 0.761267846714512 -0.07104869551371618 -0.5730172534922893 0.43431059013269935 0.9932848562049341 0.5960385743714489 -0.6867877815190757 
-0.23044775178343735 0.761267846714512 -0.07104869551371618 -0.5730172534922893 -0.7403600549875409 0.15297511436669398 0.22612647501719962 -0.8190536890908673 -0.48748331448418347 0.5852318893903985 0.03200255411880404 -0.45454684869979745 
-0.14409638624745247 0.17773960994611482 -0.7331615258456712 -0.2149922690171635 0.25101199762103343 -0.046590797406569795 -0.35067169200482207 -0.9593359113353312 -0.2888251697964246 0.43687180373958 0.11751010655780836 0.8162310873776597 
-0.2888251697964246 0.43687180373958 0.11751010655780836 0.8162310873776597 0.3526685951620252 0.36981373524988115 0.3722075157109921 -0.6238285376851924 0.8839255226690497 -0.18986609272908406 -0.8238601449601599 -0.682458670856233 
-0.5476261638464512 -0.5595986134007673 -0.8449636538520848 -0.34209952607844296 -0.5684449808709442 -0.11709164211306988 0.07882015709569323 -0.3160192150233143 0.8661175830340582 0.8315462713804682 -0.05829056741930572 -0.039647590407017264 
-0.1518004132462365 -0.49197977008812277 -0.09788451061664327 0.21924014206927023 0.04409969989541396 -0.48484170229048873 0.7875404846910334 -0.8453107035523026 -0.680400852444039 -0.7146854226144765 -0.6145105090433349 -0.2022136489708546 
0.04409969989541396 -0.48484170229048873 0.7875404846910334 -0.8453107035523026 0.7802544779794165 0.7846303054334731 0.45647419737604533 -0.15015005771587653 0.3119268064727758 -0.9220726924143758 0.5553936435704687 -0.8986979271416007 
0.04409969989541396 -0.48484170229048873 0.7875404846910334 -0.8453107035523026 0.7500755993181054 0.7809759198665331 0.48577154582641247 0.727228763257193 -0.26198233720503383 0.6899233952606953 -0.8314922333472075 -0.25159334081551576 
0.8889183169164712 0.5931397323112093 -0.9627364459976959 -0.12249933838949745 -0.3700431967385016 0.3772880864749093 0.5918091930588667 0.7226618221778234 0.8913036127021423 0.23815825310291472 0.7053090128028066 -0.15136209776468945 
0.8889183169164712 0.5931397323112093 -0.9627364459976959 -0.12249933838949745 0.17796215909259216 -0.8779628510186985 -0.8481085334065404 -0.34479137363392587 -0.32040406627253026 -0.4943300874687391 0.8708392913292096 -0.38705969205511814 
0.8889183169164712 0.5931397323112093 -0.9627364459976959 -0.12249933838949745 -0.596179130995208 0.9829756695348597 0.9792406063583496 -0.3806953894034959 0.6772603596557842 0.3410913159974387 0.8550376565627285 -0.38242800682692835 
-0.596179130995208 0.9829756695348597 0.9792406063583496 -0.3806953894034959 -0.4143918115460421 -0.6710109097641637 0.9269237018121912 0.5663500987527823 -0.921326532001997 0.5705221475992208 0.10277328939456698 0.17734696339672817 
-0.596179130995208 0.9829756695348597 0.9792406063583496 -0.3806953894034959 0.6306689900332603 0.4205821744895628 0.09835411773762504 0.3950925104492502 0.8700175459550858 0.22802628527477187 -0.9185781379884392 -0.308463671508006 
0.6306689900332603 0.4205821744895628 0.09835411773762504 0.3950925104492502 0.9734708283177678 0.8478646728606145 -0.5401797821618373 0.7132062782046691 -0.11147244796171774 0.539634763190586 -0.8425792087257187 -0.4393122768888478 
-0.11147244796171774 0.539634763190586 -0.8425792087257187 -0.4393122768888478 0.9782309548150967 0.7564426434065399 -0.15946624123154418 -0.946791133287648 0.09985939827346946 -0.7147499352668782 0.5139208044735692 -0.507253734664441 
-0.687763878188761 0.7780076091922081 -0.335259326128466 -0.3900146546521761 -0.3854952353967769 0.9702685516596838 0.36148276489432374 -0.6667178208509699 -0.9738385153618923 -0.07657777476522565 0.6671131084925224 0.4770968364718897 
-0.687763878188761 0.7780076091922081 -0.335259326128466 -0.3900146546521761 0.5498879264545795 0.20366956879673048 0.4917200361063341 -0.24026289499200382 -0.41770087282769386 -0.8528551575956476 0.5130248199672396 -0.11158329764434383 
0.9250508219160176 0.053278030191419745 0.7626107602440253 0.8521950668133471 0.4988396620003539 -0.677138111219497 0.9794992021027067 0.9942285455782378 -0.685094765173548 -0.912278668417059 -0.5628066490191537 0.8510126432631853 
0.4988396620003539 -0.677138111219497 0.9794992021027067 0.9942285455782378 0.8593655092365857 -0.5938031766453025 0.5266209455267492 0.004687391761538873 -0.3204452252163146 0.5575920405206742 0.3349265375869743 -0.9928716271417464 
-0.757514502912652 0.9830018789416439 0.1363507590006443 -0.6552544239516485 -0.42013011043873005 -0.9657944480303868 -0.5734145564537121 -0.9970745230111013 0.7753298269878672 -0.41967076136702786 0.45488690750376626 0.6300216796370068 
-0.757514502912652 0.9830018789416439 0.1363507590006443 -0.6552544239516485 -0.2083284406632835 -0.6364498910354681 -0.28368081251762334 -0.35779936704425075 0.38784157093907434 0.785054325530218 0.3199212438129748 -0.0676217164619084 
-0.3202266487735905 -0.4893365076393348 0.5989494291407438 -0.13730869005063906 0.2972021379002414 -0.6600707539339188 -0.4274180089558677 0.6512033100243566 0.5168403880653398 -0.6863071712649804 0.6679519797904307 -0.0777453302185529 
-0.6502272411190166 0.3110647698705882 0.9009500308885499 0.9632212785729704 0.47290526243118514 -0.48816740434818784 -0.38236620421392575 0.9880248812896884 0.46702432778609415 -0.08143204056348252 0.8411645538052066 0.8205412084511923 
-0.6502272411190166 0.3110647698705882 0.9009500308885499 0.9632212785729704 0.7229854251265433 0.7996275946486477 -0.9646048803892195 -0.7240610511475627 0.13166771348982653 0.0332305035736693 -0.5772787004544071 -0.9788771614839429 
-0.6502272411190166 0.3110647698705882 0.9009500308885499 0.9632212785729704 0.9797257758704709 -0.5854751721803519 -0.5259097663144683 -0.07614040049932602 0.2717390895544387 0.029009681308833635 0.6145748573823899 -0.700135083747115 
-0.6502272411190166 0.3110647698705882 0.9009500308885499 0.9632212785729704 -0.7211304801517171 -0.0345095939300708 -0.46848600284394504 -0.43332563369936783 -0.9595250234894137 -0.16907185319834217 0.4687674946548701 -0.8919272664207083 
-0.9194148043823422 0.7753606890411497 -0.8003386618468207 -0.9818905286730348 0.6188653731941849 0.17553714179055158 -0.8940526796806285 -0.5203572497445537 -0.22859130872265232 0.030080168239467575 -0.08784841350446859 0.0035065538263387985 
-0.22859130872265232 0.030080168239467575 -0.08784841350446859 0.0035065538263387985 -0.08268028312207676 0.02333889226508301 -0.02195909158365006 -0.24984704757414744 -0.26288546179224936 0.9425603252100128 0.8893787000942273 -0.3625657177357895 
0.5222873905088441 -0.5771486972232795 0.9561164277207215 0.9027633279083116 -0.7449354841151707 -0.9745142234754274 0.27225898825518025 0.0890491862650149 0.6786583748235047 -0.6257751820996922 0.10396537751765655 0.1711746042198894 
0.9942826124463571 0.7740003978898307 0.512786178689332 -0.3536964387203345 0.9097011345678676 -0.8954790943905278 -0.7924454855528655 0.4382361365671965 -0.4139358432492777 0.6166821401738236 0.45218680810338374 -0.29389203191678126 
-0.5855217438342042 0.8642264313285211 0.9909632358649176 -0.39970439677791947 -0.07817804228350012 0.47526795065648275 0.11348915468410725 0.1787351991774746 -0.05697596623951351 -0.9553442631623141 0.23373733808168806 0.2622064619227251 
-0.5855217438342042 0.8642264313285211 0.9909632358649176 -0.39970439677791947 -0.9096933892389283 -0.16105986202107192 0.4718341878733727 -0.4448245943681224 -0.8053272125144548 0.8399402592567908 -0.4402106883181034 -0.8043885294852433 
-0.8053272125144548 0.8399402592567908 -0.4402106883181034 -0.8043885294852433 0.36374215256568765 0.5665079183281094 0.946577131923682 -0.9266165549476233 0.18923337069085866 -0.1454242414778597 -0.48830976422691386 -0.5906261400741639 
-0.2727672335722322 0.856150701204756 0.14824301324262912 0.22903070731351471 0.9133025335184146 0.19759220997386606 0.960484993282958 0.79665846377534 0.9959941407584065 -0.33317533371067487 -0.21898552766990087 0.6365962057237335 
-0.2727672335722322 0.856150701204756 0.14824301324262912 0.22903070731351471 -0.9375093442169713 -0.7240402008709808 0.1441678307292389 -0.055752352226675406 -0.9170713247637485 0.2035202795430333 -0.9252314506871753 0.16800415385465084 
0.6662042453472927 0.7138495328356107 -0.897331440432036 -0.3827130962916687 -0.8801833622737125 0.6390381040768722 0.4576447917077442 -0.485381436098987 0.5894614632032913 0.8837162218341945 0.8807555653244514 -0.7826502237340363 
-0.031029028203736653 0.09042231300485493 -0.2596164801800165 -0.2747236556034951 -0.3543376210211133 0.009668658776232242 -0.577244469074039 -0.42262451390838796 0.10502577864490514 -0.38101474828014625 -0.8707630920143072 -0.2332171728519692 
0.44451664898610543 -0.8910052739623258 -0.37696704939222037 0.16922778314432096 0.6926907989244908 -0.30989580721941334 -0.4126638912100753 -0.6463010525689041 0.9663717382772101 0.9442145712780741 0.9439099044743595 -0.1164793099811241 
-0.24293740224786364 -0.9095460220530205 0.9912901660611853 -0.6226519432869764 0.9006940902115728 -0.6953390218148909 -0.8844493526914368 -0.6007061776856406 -0.20079080807705418 0.9406070371936146 -0.9881345083540443 -0.8622098804550644 
-0.20079080807705418 0.9406070371936146 -0.9881345083540443 -0.8622098804550644 0.7126780057340278 -0.7482321273116161 0.2612392839020117 -0.7847743264542391 0.8303882282365511 0.8708940080224232 -0.35245809228672553 -0.5870160780574492 
-0.20079080807705418 0.9406070371936146 -0.9881345083540443 -0.8622098804550644 0.6529454711686333 -0.6870104963690509 0.18741119412632545 -0.5260815231005997 0.48988561592342816 -0.5945789075986381 -0.5951744049537462 -0.4636367885018833 
0.4344097890680807 0.06739133664957708 -0.4811702659095436 0.7744932664098978 0.9203514768805445 -0.21684730838029753 0.03987592276556429 0.9591266680599055 -0.4345022255688047 0.9298947929901789 0.3875856116905123 -0.6399773630294887 
0.891301775518681 0.9311523515453324 0.0919668853898521 -0.08693069272453502 0.5937164120676319 0.5486329022957628 0.4622376551866447 -0.4425219194623351 -0.6531113292011714 -0.8957101390571152 0.28935932928418406 0.6347237916485016 
0.30803120150373897 0.7771687929202336 0.9044809262390434 0.7207730351919563 0.47591084438278153 -0.11677416856655354 -0.2642276541600328 0.9068253221503013 0.5991529862599478 0.710163629582526 -0.4885887502493229 0.2426980299720185 
0.47591084438278153 -0.11677416856655354 -0.2642276541600328 0.9068253221503013 -0.4559822113870886 0.9051929148915165 0.49604471184727994 -0.46373492116168324 -0.6331895081859504 0.9080494263563512 0.630244597769823 0.2351739289474093 
-0.6331895081859504 0.9080494263563512 0.630244597769823 0.2351739289474093 -0.2521759592792461 0.041443287508480475 -0.12598164033790815 -0.3701351050742774 0.5244539655617793 0.8180776645113692 0.09105929135280943 0.5126055234097164 
-0.9480570568991677 0.3456362329849001 0.5418721288996413 0.7453526387287688 0.4776725033356972 0.7243143602086954 -0.4657374073806877 -0.20545599822456362 0.45320442965717267 -0.46204821065270196 -0.5568038818894478 0.00907014445465082 
0.45320442965717267 -0.46204821065270196 -0.5568038818894478 0.00907014445465082 0.35333508938675706 0.694128587971075 -0.16234929505563778 0.8615602084319853 -0.0980768500611171 -0.22485397173610044 0.5109178146594713 0.42955683990999205 
-0.5521757768798905 -0.2087553756430549 0.9079027131743362 0.16091803403722804 0.3109599214698686 0.520198113010572 0.14492459914762734 0.5485472117651118 -0.6082416976390788 0.25290067569020835 0.698099333466736 -0.17444250155063545 
-0.5521757768798905 -0.2087553756430549 0.9079027131743362 0.16091803403722804 0.5742235346494948 0.25524671459060144 -0.8265698914841977 0.4054336174323776 -0.5759611389795796 -0.26445071974655776 -0.004086810529168483 -0.2510590045862193 
0.18907515926287877 0.35694537094633927 0.5367282305845469 -0.17393963979154337 0.6832948259670031 -0.6526441110808352 -0.3674466509658778 -0.12560917796704407 -0.24338582100128403 -0.06167357700475429 0.16052066674689303 0.40884221621230665 
-0.24338582100128403 -0.06167357700475429 0.16052066674689303 0.40884221621230665 -0.3328167288468731 0.46317682091325163 0.6127220624797776 0.35014950374221065 0.3819664633766666 -0.7937816535023225 -0.9729341064639998 0.9904254170573421 
-0.15613123642838 -0.1813482273187088 -0.8343239457054517 -0.333260733342569 0.5520601400358232 0.9528383784668539 -0.7281714991851309 -0.3338395600264137 0.876779524325608 0.9071117591509987 0.6541748480577576 0.45035396710776987 
-0.03449471400860271 -0.30218337226653014 -0.5307630335483557 -0.16679702959223608 -0.5326396383169554 -0.10316446473291352 -0.43507630300695954 -0.013180651876966598 -0.06328713757022286 0.6320112444928425 0.04940539514887399 0.7982044016426453 
-0.7379798167114708 -0.7099719191890212 -0.8027995055717285 -0.6508396056699908 0.5225301759198753 -0.1383556222535729 -0.7340218147148221 -0.13904535544859264 -0.4803252763637953 -0.9238127004890095 0.8361210862345614 0.4246058532480479 
-0.4803252763637953 -0.9238127004890095 0.8361210862345614 0.4246058532480479 0.2622628708139092 0.6160546636609494 0.6082610813086009 0.3759583454320161 -0.5597484320276924 -0.7108762022421087 -0.41827663193797804 0.653223022441441 
-0.4803252763637953 -0.9238127004890095 0.8361210862345614 0.4246058532480479 0.8947109754477449 0.3575840785313029 -0.7369042123403322 0.2857940154118772 0.48136507392177075 -0.5039538426843371 0.6013793562980445 -0.851252924980965 
0.1258868775580977 -0.8611656511803094 0.9248292968975189 -0.6387832253124706 -0.8718078942135346 0.16649255295809517 -0.5145574178028849 0.30395964517922214 -0.1933797662994141 -0.08059760759205514 -0.5072264620248519 0.875008091021402 
0.1258868775580977 -0.8611656511803094 0.9248292968975189 -0.6387832253124706 -0.26341770400344644 0.05606673403354523 -0.11064338473245239 -0.9530943038507911 0.9552007592017331 0.7493928652111537 0.34581240124433643 0.04662885974069142 
0.3301613678244577 -0.8414081660184471 0.23643179787964863 0.1783626895906334 -0.6365830471775074 0.9570008254179285 -0.09177463401002539 0.4728986046887238 -0.3437561056718963 -0.7172671102374053 -0.5838274826694816 -0.38665481316927686 
0.7335671075206374 0.592053829784777 0.03723231039419872 -0.6462732268840237 0.7835675437128811 -0.13847518942670334 -0.22896865419372325 0.7693644975538756 -0.5559769545015225 -0.05976252811499272 0.4910854592432874 0.8095311214019172 
-0.5559769545015225 -0.05976252811499272 0.4910854592432874 0.8095311214019172 -0.4298347015384558 -0.31560643451089154 0.3621140287493707 0.5505777179089959 -0.5568141994433968 0.7444970253679486 -0.8788248887828198 0.23933705857770438 
-0.5559769545015225 -0.05976252811499272 0.4910854592432874 0.8095311214019172 0.8036582931074672 -0.9409562728283682 0.1371255791850552 -0.6422941075436075 -0.7467909496536145 -0.15015531593469733 -0.5017965633694441 0.9043086434514451 
-0.20164804218225707 -0.05438837282230802 -0.9426694388888466 -0.6604634996070304 0.18302763512166687 -0.49203643969162636 -0.6991611003158626 -0.6964662568675466 0.6381560567867361 0.8002862761396887 0.2549908573676525 0.792147956841462 
0.6381560567867361 0.8002862761396887 0.2549908573676525 0.792147956841462 0.24522860727250406 0.839709105581377 -0.4874552395477283 -0.969511355961894 -0.24805010656401216 0.5254606558729209 -0.22010103625972777 0.35058334066873575 
-0.7797053921489869 -0.10883610873316263 0.2768428131009131 0.6897494736878931 -0.5068160234674026 -0.4072529382990482 -0.42625057748325745 -0.14510736153942805 -0.5420038581096045 0.40280226432732036 -0.7028991701519536 -0.29790544034151334 
0.04581626448348364 0.47191337575899817 0.47879306791466947 -0.7442396660225326 0.10011644524408125 -0.5912758347032256 0.4304311113045023 -0.464685226711095 0.2897899273304041 0.8469350140576957 -0.5326262960580059 0.5434718611210014 
0.02854485232205972 0.5207760112072681 -0.3484513311629396 0.9778955659304944 -0.5864121837491927 -0.3945520945286849 -0.7792474033828727 -0.3285318563316608 0.9754113510832616 -0.6804230795427266 0.3317383110292256 0.956800336206894 
0.8824362450147947 0.6959078362916384 0.48614883306557344 0.9604708019482762 -0.6284797137251097 -0.24925448984556176 0.3502193408780223 0.7250236611998759 -0.9023006938780127 0.14269051229873098 0.6220682059734599 -0.9224826636358694 
0.8929592789443719 -0.7469533730232212 0.8126542587156487 -0.9777700231251438 0.06052971414536956 -0.4296212732228972 0.5251619435685664 0.2463685045647921 0.12947410291164196 0.5094302183436177 0.36913632006401587 0.385231876932411 
0.09546010815592565 0.1731805629906329 0.9589001431060304 0.910299178579739 0.13698514808258122 0.3688388235152251 0.8557390367634718 0.3579665330447144 0.746067672646515 0.18314748482192034 -0.04936829504876594 -0.48265240027066403 
0.13698514808258122 0.3688388235152251 0.8557390367634718 0.3579665330447144 -0.6870933205389229 -0.6328498474273865 -0.6530504837203588 0.8795874777628532 0.18178769215353174 -0.652081131525472 0.8330686634987723 0.24802959440867656 
-0.6870933205389229 -0.6328498474273865 -0.6530504837203588 0.8795874777628532 0.21915216817036742 0.9872602170700164 0.9157797432815211 0.0622566987833828 -0.8221664791661902 -0.17992762037206456 0.1467369850898277 -0.7431604335059412 
-0.8480767901396162 0.6217364073055749 0.4500357449160133 0.5234999677686742 -0.8164834970625217 -0.5122210396423414 -0.4290839391400183 0.3898280618154397 0.2197784734478072 0.9513203262677667 -0.10628223170399775 -0.21959525215086706 
-0.8662799740663694 -0.927007917739944 -0.10602294991926975 0.16939428165432968 -0.19256577030464617 -0.010780352335528098 -0.2880896391979251 0.5963589229408319 -0.3116153079513535 -0.8664872130019547 -0.9960671355484456 -0.29453087845431014 
-0.3116153079513535 -0.8664872130019547 -0.9960671355484456 -0.29453087845431014 0.9480259333794367 0.3467072935097937 0.851765214349741 -0.09218068281783509 0.6219971214353419 -0.6077519467628947 -0.8376274479709771 -0.5575097087829741 
0.3083611173823646 -0.2871908772260341 -0.6497138979326569 -0.2777385635126248 -0.6873676282793697 -0.5001769018167721 0.6047661447264774 -0.22851376293461234 0.38476228068715645 0.3248820750445116 -0.8031236128672681 0.679078307851827 
0.38476228068715645 0.3248820750445116 -0.8031236128672681 0.679078307851827 -0.8755692728329296 0.9723903633077957 0.5847199532923819 0.2651660072375135 -0.1678797645967478 0.19786888793981716 0.6630623617809108 -0.9515907977262983 
0.879302368951622 0.2351618269836211 -0.6814796858707899 0.4015347504379867 0.16333158371137202 0.6359296243701087 -0.5607845897026995 0.541883674992027 0.5548191479810671 -0.9264997383754496 -0.5969383610031986 -0.8017831770150163 
-0.20463578884852307 -0.18662753981089875 0.18554518099696482 0.20697347574473612 -0.17507073945985674 -0.37886655422928284 0.6516078958703804 0.9680139571716508 0.23225658380484315 -0.473270713728678 -0.3441903428949311 -0.6282301573264624 
0.6303003860709993 -0.7564066032870849 0.793187926592188 0.16030811821600088 -0.8099010419012223 0.24502153984402275 0.6954221944073877 -0.24238467141047115 0.7144306139255521 0.19674681083499812 0.6991252030662365 -0.5551811322434594 
-0.8099010419012223 0.24502153984402275 0.6954221944073877 -0.24238467141047115 0.3752338235262609 -0.5662397915889579 -0.15108503434987952 -0.24609992582047768 -0.042557287868272065 0.9851049511730203 0.5047388833926949 0.9617960591029764 
-0.8099010419012223 0.24502153984402275 0.6954221944073877 -0.24238467141047115 -0.01676636223961303 -0.5482587576786708 -0.35678734316073535 -0.9091160043672615 0.885218541930128 0.76177412549786 0.06057707124230993 -0.15463765925802586 
-0.01676636223961303 -0.5482587576786708 -0.35678734316073535 -0.9091160043672615 -0.06177564020713544 -0.47530449264008534 0.8077942311749133 0.8956477278127939 0.8759813076351457 -0.14303785624105658 -0.685946069083061 0.15670183643882907 
0.8759813076351457 -0.14303785624105658 -0.685946069083061 0.15670183643882907 -0.31688053310245823 0.1995955410857937 0.6392357993727877 -0.4033201710126113 -0.5120021585767149 0.23972125238462882 -0.6392617519728729 0.0628609630670014 
-0.5120021585767149 0.23972125238462882 -0.6392617519728729 0.0628609630670014 0.43011986309063 -0.5150847328541104 0.4888645469124304 0.9646006360536288 -0.7631612716623728 -0.8114841484992383 0.0190603908620397 0.5915898349551221 
0.43011986309063 -0.5150847328541104 0.4888645469124304 0.9646006360536288 -0.913326685636461 -0.4872547128776148 -0.7501882159833555 -0.15402484938924466 0.21856756196725002 -0.23219353982359148 -0.526303815274733 0.8003626369291279 
-0.945632626514529 -0.15465241091841864 0.6050790782339983 0.17941725203963044 -0.03780258250689039 -0.05362957509827404 0.715665245803148 -0.2374601515083712 0.5659388298901662 0.42848104006288956 -0.9432767061542533 -0.2772993844107565 
-0.9883488238436311 0.8815378296605323 0.02389886688008125 0.8905551818413657 -0.6062944684094367 0.8724016780369244 -0.7311923366534645 -0.7023198643036657 -0.46183111298550794 0.8993763726887591 -0.2032283911686994 -0.4166308876889535 
-0.6062944684094367 0.8724016780369244 -0.7311923366534645 -0.7023198643036657 -0.25064256672323215 -0.4401691859502297 0.20495328799173662 -0.28237866030332426 -0.31873894239904144 0.3682053436536883 0.3360343059010562 0.636009545539262 
-0.4896190328996699 -0.8936260008108095 -0.03811703866230909 -0.9853289783989452 -0.6851162998306493 0.7817304530084292 0.9992713740684034 0.8806065954031954 0.5637174040913029 -0.0113232761896922 -0.19608988595838706 0.655215561193152 
-0.6851162998306493 0.7817304530084292 0.9992713740684034 0.8806065954031954 -0.45185315852378327 -0.28337169256732864 0.9864241270318932 -0.9190955701814729 -0.8964684168892216 0.8807505421375565 -0.9117855756950857 0.10744996297209264 
-0.6851162998306493 0.7817304530084292 0.9992713740684034 0.8806065954031954 -0.7166960507914439 -0.6199168172451586 -0.2883311296159832 0.2994850347224529 -0.19155299775004764 0.3843360561824145 0.7537359089070927 -0.7515008044475842 
-0.8325863900824975 -0.708712092433289 -0.18265725077796025 0.5850027593562797 0.656874857566272 -0.8701868800231998 0.5998004926125076 -0.4128531448025885 0.7455828351696163 -0.3437289359832769 0.11943313149399559 -0.01903459373837113 
0.656874857566272 -0.8701868800231998 0.5998004926125076 -0.4128531448025885 -0.9734429355606262 0.16985244617928053 0.9052511804231975 -0.6242141719674164 0.6012308735906744 0.6348516618642444 -0.4445682503876216 -0.47932653757766985 
0.656874857566272 -0.8701868800231998 0.5998004926125076 -0.4128531448025885 -0.39095578475697934 -0.032820514983701754 -0.6227079696233293 0.571526608157048 -0.3326400941605079 -0.6481597204003042 0.6428959646643229 0.47163160475917776 
-0.8674204324596537 -0.7167494833460513 0.8130780256582104 -0.35405652149262967 -0.6764550593865382 0.9786309464198399 -0.3278904122616715 -0.5125535779466905 -0.4725741167734949 0.03070982721081439 0.37082544928242633 -0.29656838498957017 
-0.4725741167734949 0.03070982721081439 0.37082544928242633 -0.29656838498957017 -0.9211482263446267 0.10366110054199229 0.39904826940106464 -0.7618725017085151 0.8549542696162293 0.802423604672837 -0.16915003753241398 -0.8398459599040959 
-0.4725741167734949 0.03070982721081439 0.37082544928242633 -0.29656838498957017 -0.8403986491786737 0.9058333942716319 0.21756706907912893 -0.6874294786155528 0.17267245323570446 -0.9087032875435663 0.6682032327847691 -0.22015546940695274 
-0.4725741167734949 0.03070982721081439 0.37082544928242633 -0.29656838498957017 -0.9837579651730795 -0.548668372753276 -0.647706373517108 0.9396601876858492 -0.9963181882759162 0.05371850958666169 -0.23605889581120332 0.4976390374463051 
-0.9963181882759162 0.05371850958666169 -0.23605889581120332 0.4976390374463051 -0.4161456746470069 -0.4720101284338123 0.8597301237145609 -0.6322287045018691 -0.3032351874362256 -0.7966559881567379 0.13301517746515468 -0.3189695694914165 
-0.7497961103493733 -0.09185636198389835 -0.29959226117491045 -0.9034140635973074 -0.402982791060682 -0.23052524617161652 -0.5758539135040199 -0.4874520474302937 0.06382420806466071 0.6821513393103222 -0.24540596958419858 -0.42654951102615724 
-0.039574847693941706 -0.7689215486416259 -0.2865231810697999 0.46638111231508295 -0.9386473167694631 0.6547476925942828 -0.26865930047890596 -0.8165622470896772 0.19709147843713337 0.046344694304305545 -0.3967793759105265 0.29500025350504044 
-0.9386473167694631 0.6547476925942828 -0.26865930047890596 -0.8165622470896772 0.8781727107648991 0.579281946967193 -0.28356872672336286 0.913376424478916 -0.3081045032266516 -0.3945105667646811 -0.9804113118772544 -0.44848540167290407 
0.8781727107648991 0.579281946967193 -0.28356872672336286 0.913376424478916 -0.2132269232681212 0.9109326074580224 -0.5107298092764123 0.253839587702827 -0.8475652482578804 0.39614838829478405 -0.7448827547090808 -0.019425119345907182 
-0.2132269232681212 0.9109326074580224 -0.5107298092764123 0.253839587702827 0.5610394615812933 -0.7377102393669563 -0.11908359988948436 0.27898764419198985 0.3276988721909271 -0.5734339277060572 -0.09506723349189605 -0.8101969968349967 
0.893766567402519 -0.6451862160958362 -0.902518920496916 -0.5654323026157908 0.301447575266091 0.5527513969839757 -0.8724033573105565 0.5283518449293956 0.47614674902492427 -0.9375112816004616 0.7112994749216022 -0.273031972858357 
0.301447575266091 0.5527513969839757 -0.8724033573105565 0.5283518449293956 -0.5294886530760943 0.4161900330978119 -0.4153472891450798 0.2805709930675764 -0.034681131475178706 0.8645867589147722 -0.46702743032180205 0.5815853441382437 
0.4425585352625032 0.12470870837736614 -0.42847080628304823 0.388243562544611 -0.6056294510051825 -0.3913941647261947 0.9632436698901099 -0.014859461352616288 0.49438191547420174 0.09174309357250943 -0.7093185855317381 0.5225380820326773 
-0.6056294510051825 -0.3913941647261947 0.9632436698901099 -0.014859461352616288 -0.9229425676213985 0.08908734835190812 -0.7943321741453679 0.19812418051938496 -0.7328200950262869 -0.4005589817380282 0.7882681940599809 -0.9076275027577996 
-0.9229425676213985 0.08908734835190812 -0.7943321741453679 0.19812418051938496 0.012331473296965045 0.5489605382206557 0.2549957201890731 -0.6760126609498469 -0.31686596038466486 0.5996274451028287 -0.27699458522586795 -0.6013293001913285 
-0.18155268839528027 -0.4692054704666089 -0.3020416243345798 0.5899279298166549 -0.4203776113649611 0.32040561488475827 0.8437350023382109 0.8651259039580608 -0.32930099054724393 0.19107237568987778 0.29385487226721807 -0.7543878087542808 
-0.28184887936138003 0.20583295090595066 -0.5246659623523662 -0.7816870452166604 0.5706275719589065 -0.9039982297041156 -0.7310496170424039 0.2423003349150359 -0.08774827761332138 -0.7135015300251031 0.5272267745855326 -0.5561358611716603 
0.5706275719589065 -0.9039982297041156 -0.7310496170424039 0.2423003349150359 -0.3694934108739083 -0.5104538963353229 -0.4369377881435841 -0.7062756144442179 -0.9960821760604273 -0.7960130154469323 -0.19994294063272022 -0.9255227848895036 
0.5706275719589065 -0.9039982297041156 -0.7310496170424039 0.2423003349150359 0.14355904905893868 0.4763170724922332 -0.7468723048883332 -0.24997251401927456 -0.46149514569669003 0.07028764414945976 -0.41912423289064216 -0.7241728690342464 
0.14355904905893868 0.4763170724922332 -0.7468723048883332 -0.24997251401927456 -0.1255539976522808 0.24736877022289683 0.31932679481153126 0.7938949367192385 -0.05254298685939962 0.18916589164115538 -0.018298508165172978 0.2656404931704748 
-0.7115891698892469 -0.668771455493983 -0.35212747704523517 -0.006083425711833401 -0.9336410260994743 -0.06904230322947802 0.34074618954920566 0.9657725184071628 -0.47509030126473584 -0.09687182818120821 -0.2705073022663851 0.17768741396557552 
0.30667225950314636 -0.1067988022760551 -0.8411283836389378 0.6930360660748405 -0.31015345690422325 -0.9256158651345079 -0.8059708498790963 0.9081314937160692 -0.985303894284143 0.5664920827255933 0.29092158508120036 0.5387738753968403 
-0.985303894284143 0.5664920827255933 0.29092158508120036 0.5387738753968403 0.16516512009469153 0.23502553486359834 -0.5020636545403685 0.4729820936190543 0.8523315247999155 0.6570451623502853 0.32526467918965096 0.2914028493520704 
0.8523315247999155 0.6570451623502853 0.32526467918965096 0.2914028493520704 0.1890593789158097 0.3056342127588316 0.28269569933079786 0.5998031447529804 0.9265550367356292 -0.42198753340452444 -0.771594265330174 -0.9478932263792597 
-0.9170909066198976 -0.5482958039991699 0.4209730939421692 -0.3769093833004953 -0.8213445497399721 0.10060480372087044 0.6259764917961412 0.09928462807560834 0.1145759637881485 -0.7952748073479039 -0.18796809989316587 0.3251694488815393 
-0.8213445497399721 0.10060480372087044 0.6259764917961412 0.09928462807560834 -0.21543514894631577 -0.13076751593265934 -0.6019335156896315 0.24313870258498094 -0.5282754138994947 -0.2673262472357687 -0.15293653924492245 -0.6265540991084242 
0.6015824811248611 0.8156561329071497 -0.25673337920849293 -0.10470828728478399 0.8252629298925738 0.5471363381429404 0.16438965689634433 -0.0047040874914709985 -0.7473760075117726 0.9665165348812095 0.9651465021258157 -0.26593281432938 
0.8252629298925738 0.5471363381429404 0.16438965689634433 -0.0047040874914709985 -0.6798321204711644 -0.622935705400816 -0.26876294073992213 0.9581153844315939 -0.15227938952392228 -0.41247237219519106 0.7824818716532773 0.5275231532743547 
-0.15227938952392228 -0.41247237219519106 0.7824818716532773 0.5275231532743547 -0.6326481107164166 0.1563564026981894 0.29677072505476354 -0.11507942339241328 0.17618013090546802 -0.3081150050666204 -0.12080140930310956 0.6735309610113591 
0.17618013090546802 -0.3081150050666204 -0.12080140930310956 0.6735309610113591 0.7002231495160236 -0.5957500543660481 -0.5333707674680419 -0.07680623521943875 0.8541540191215964 -0.20942077367980483 0.1384588086836025 -0.4844186922578373 
0.5324794795770527 -0.05080457866445798 -0.34385130777570794 0.9718233666553957 0.5458061506617877 -0.5249470339809408 -0.10451567291516994 0.049320613438106564 -0.21606806492802577 0.970063792031898 0.3710210857272487 0.8706702251799632 
0.5324794795770527 -0.05080457866445798 -0.34385130777570794 0.9718233666553957 0.2715579677578639 -0.9266362502363785 -0.46870606078817745 0.582583391977092 -0.43299808889794367 0.9993526767633543 -0.004114556877947706 0.0341062295349841 
0.6546457559476753 0.1646982384099871 -0.4951794442538482 0.74653564425723 -0.5568010463149371 -0.7998806851253477 0.07222235011873535 0.27633962672937984 -0.5258808255536551 0.3636692269913855 0.5108325735410617 -0.9268718944138639 
0.6546457559476753 0.1646982384099871 -0.4951794442538482 0.74653564425723 -0.7698900659851187 -0.977994319752461 0.6072787721398472 -0.3275369425547492 0.7989175143685896 -0.4046177760457488 -0.572341768376402 0.6937244478142857 
0.35900584523941426 -0.1675410331173428 0.6268456844035231 -0.214125933133255 -0.5482779747421966 0.8637969060948214 0.8074136103243086 0.6736352369278737 0.11803437814607598 -0.21305644468517015 -0.9537780513387024 -0.3191202197490095 
-0.12947301711948933 0.7204653062440693 -0.8007076235941413 -0.4134524545600151 0.6953784071129439 0.1265617923109672 0.898232338525941 0.3692407856737867 -0.008415813508184655 -0.9667136344882448 0.9674533091017388 0.8376427590696625 
-0.12947301711948933 0.7204653062440693 -0.8007076235941413 -0.4134524545600151 0.9638807822555029 -0.21540599315454312 -0.9836524359961605 -0.7238036791280669 0.4808253960262716 0.4411773616413124 0.9725461889282581 0.7348817926050197 
0.4808253960262716 0.4411773616413124 0.9725461889282581 0.7348817926050197 -0.14477329383837634 0.2213894057255199 0.4649029271961653 -0.5871252807921068 -0.15002832726094617 -0.3631616234019721 0.7567303293070997 0.9870492016755057 
0.1823972837595529 0.25790260211982985 0.8435458535662537 0.2048452102415288 -0.7104682012348036 0.7101253327443371 0.299575363190945 0.5854881025901861 -0.28358195605759295 0.6893051594520452 -0.9755495532664409 0.18665454810081972 
-0.7104682012348036 0.7101253327443371 0.299575363190945 0.5854881025901861 0.5367987440013404 0.11384169901062124 0.19248684510614722 -0.11404412235854333 0.13228621725514933 -0.5696401181216955 0.444387097803532 0.0982951606095801 
-0.7745523043966689 -0.4579651522945509 0.41143697392105194 -0.20872208918333301 -0.941509447168499 0.5264410709374996 -0.6482412488146587 0.36251490213447535 0.6585551805309877 0.41371284564404376 -0.839492682258425 -0.9743499758475571 
-0.5125880047351896 -0.579620469241958 -0.46234544029171953 0.30539759973846237 -0.9217010351734112 -0.6984348757761094 -0.567390672505721 0.10216993634707938 0.49228661276522057 -0.08969492239851129 -0.042016893207529105 0.5805850510997301 
-0.9217010351734112 -0.6984348757761094 -0.567390672505721 0.10216993634707938 0.19550925191082724 0.03015318327985539 -0.411486514085992 -0.2646029593752621 -0.45151619127530185 0.7055094538342501 -0.7037992051904267 -0.10247180666750322 
-0.8690129236321509 -0.9307598884650963 0.3473653448888918 -0.918562776954231 0.5576152989170438 0.5820784232185292 -0.7314254265709046 -0.7606215701105563 -0.5840925776804837 -0.028300759813534082 -0.05447675960329179 0.6627093564540458 
-0.5840925776804837 -0.028300759813534082 -0.05447675960329179 0.6627093564540458 0.806476878982896 0.7659716769212479 0.26099613625900275 0.8938852292559403 0.01156532707925595 0.8890100613566583 0.3233849524929735 -0.3999921215813864 
0.01156532707925595 0.8890100613566583 0.3233849524929735 -0.3999921215813864 -0.7405339877322672 0.46907538791898995 -0.018726808704643938 -0.002702603775966983 -0.07461818573229007 -0.7613652294832223 0.5065303040233138 -0.5892199773686955 
-0.15758639146303954 -0.18576565814581114 0.5016890172282067 0.9270780471476239 0.4216868130246456 -0.31237070128613253 -0.021631864469375817 0.2933549079388458 0.40718857961943433 -0.4103146721801214 -0.3201530916412587 -0.8133680223297912 
-0.0014007333125101162 0.5103879759747749 0.5000387149918082 0.5435214835889046 0.31948519291052846 -0.6312969092826612 0.3356623902282927 0.3590014384180169 -0.9069485105225314 -0.31659763287857734 -0.2334485809277278 -0.145426713715898 
-0.0014007333125101162 0.5103879759747749 0.5000387149918082 0.5435214835889046 -0.6060325421098103 -0.8265771192187092 0.2801327969211618 -0.3644065627964077 0.7100237116483339 0.6259866809279158 0.05108089459489351 0.8506568573585467 
-0.0014007333125101162 0.5103879759747749 0.5000387149918082 0.5435214835889046 0.003466233365672311 -0.5576394504804738 0.6531578539747567 0.8486327202037718 -0.12004565576019122 0.5580447463322078 0.9611819542631426 -0.8003429504069293 
0.1403136549487023 -0.19956059340864574 0.8383131040330938 -0.5050540658224338 -0.2721896825982746 -0.5057897593157066 -0.5095392189713552 0.28005300271060785 0.08205218223476396 -0.23364117923850247 -0.15534492061308836 -0.4891234949998362 