1.7811039142240883 -1.7810386912780252 -1.1901499227461216 -1.8568675936384995 0.09079039677878953 1.4479910770437137 -1.887555763010679 -1.8831456683103052 0.07272508301807346 -0.3650639150680419 -1.4841470090239586 0.6813128615177053 
1.2904428247616306 -1.713376112516415 -0.40312519125353763 -0.27147487215605226 -1.3681884258043433 -1.0567222938050982 -1.5048306274063066 1.1451638894313931 -1.6080844977459972 -1.7933389421295907 1.8228982428621392 -0.8485675223780493 
-1.6080844977459972 -1.7933389421295907 1.8228982428621392 -0.8485675223780493 -0.6850740817767056 -0.38037882758492847 0.677026813681548 0.1739109336188296 -1.0933531079261622 1.6987657770856757 -0.22150996328546668 0.5927341865770974 
-0.6850740817767056 -0.38037882758492847 0.677026813681548 0.1739109336188296 0.5751938595192692 1.1782444232707268 1.37007938171672 1.5874862361360038 0.0689251268508535 0.3911122054194083 -1.7008849919099385 0.4111029919236837 
0.08419161363492433 -1.557587328833646 1.018044539825433 0.3076097779634166 -0.8888818192741925 1.0807520195912574 -0.7434677040966613 1.3237604891069696 1.7537472081026677 1.405435918479931 1.4903945956908737 0.8097407786364212 
1.7537472081026677 1.405435918479931 1.4903945956908737 0.8097407786364212 0.8143202604474933 0.8240976710987615 -0.2131349761193877 0.7441035518033834 -1.193124141138631 1.0501197977548822 -0.08963881046618338 -1.4445677997391346 
1.5639844329624437 0.18479851283241677 0.49031917747215337 -0.18201261661194623 -0.12033030318792681 0.6026579423321263 1.8633715814134981 1.3160761611513547 1.8662149495878655 1.4850244075636918 -1.2239188711064108 -0.4288168619899504 
0.3721401114848315 0.6607000369686142 -1.818395177523012 1.670550519314586 -0.6771356710304826 -1.241588856462518 1.5781528662335784 -0.8434404997606451 -1.6305110821736468 1.3520914267017283 0.5371705625275851 -1.3891873201144218 
0.3721401114848315 0.6607000369686142 -1.818395177523012 1.670550519314586 -1.4978101905345556 0.6833613403587377 -0.31435631009362197 1.9238802848529453 -1.8493289684475211 -1.3977541122483021 1.2267786886520993 1.2007843163743441 
-1.80831952418131 -1.4700228253082992 0.6481676962097684 -1.701876586673876 -1.1055091285225451 1.1524031885426127 0.11391167780643041 -0.6448186302462697 -1.0140967978620128 1.130279534592653 0.00480624519369055 0.76830065961268 
-1.1055091285225451 1.1524031885426127 0.11391167780643041 -0.6448186302462697 -1.3317626157157356 0.9440788182649027 -1.2968317035577752 1.9956852577014819 -0.6248804424395873 0.6806277035547645 1.4365874142325872 -1.3679800996658709 
-1.1055091285225451 1.1524031885426127 0.11391167780643041 -0.6448186302462697 0.41229346607939643 -1.3885280023330222 1.0632106567966897 -0.7611325969289657 1.7154369104552831 -1.0632004278106768 0.23360365977593345 -1.1952754425550247 
0.7735610098181542 1.3850428042123526 -1.9186706441415278 -1.6123661791836188 -0.8025177516370636 -1.5171349213396939 0.4017597137725275 1.3297347963197987 1.6742031518984102 0.44555065390823856 -1.8348417237220223 1.392804897159568 
-0.8025177516370636 -1.5171349213396939 0.4017597137725275 1.3297347963197987 0.39674419350063506 -1.332165007992376 -0.16666679923943262 -0.8210292702099098 -1.6544364598760168 -1.0993575161730318 -0.6131638581099645 -1.4971835663554889 
-0.8025177516370636 -1.5171349213396939 0.4017597137725275 1.3297347963197987 -0.07188909255101983 1.9786256596037028 -1.3453384692402306 0.5029283380145069 0.7772717798174447 -0.7664566964800992 0.06100215725864855 1.7988829736916054 
-0.07188909255101983 1.9786256596037028 -1.3453384692402306 0.5029283380145069 -1.1128377853829647 -0.032410812841100256 0.31025180404984676 -0.41092863579148586 -1.9376387059765885 -1.3645287045494747 0.7793655132897217 -1.0258810076613787 
-1.1128377853829647 -0.032410812841100256 0.31025180404984676 -0.41092863579148586 0.3343029322341189 -1.9874926259297059 1.1396725514167692 -1.0207914755060532 -0.8559390100526696 0.022964331008527683 0.009301320227714793 -1.7618353965441185 
-1.1128377853829647 -0.032410812841100256 0.31025180404984676 -0.41092863579148586 1.353872127817731 1.090921175097646 0.8530376722631665 1.4388989074625345 0.9816736072556282 1.2025368033990755 -1.7350882386895243 -0.42684320201534787 
-0.7604908044873686 0.023764137292357823 0.43245759800404127 1.2963498084993184 -0.22710069434839575 0.4815274518663557 0.0558103943871453 1.669506033157278 -0.013783904395195723 1.5952898429488802 -1.736971223846791 -0.302815203708517 
-0.22710069434839575 0.4815274518663557 0.0558103943871453 1.669506033157278 -0.1824252177260699 -1.3546107783371526 -1.1068393022733996 0.4001137560631389 -1.4807954964807357 -0.5171550900632051 -0.1837813433127713 -0.5162286585940512 
1.2797930675654183 -1.6285226579044818 1.0545764813624796 -0.4042244620357125 0.03822509366337634 -1.4285839186493408 -0.5908136851187891 1.9158110579174976 -0.09089583496727238 -0.0572410596039723 -1.9922465671882401 -0.6206016299889452 
-0.09089583496727238 -0.0572410596039723 -1.9922465671882401 -0.6206016299889452 -0.8301827031868863 -1.0959681631593639 -0.9814942641660576 0.8416041072591169 0.1489341407885023 0.059970286581546794 -1.8784843422654514 -1.5368953263578482 
-0.8301827031868863 -1.0959681631593639 -0.9814942641660576 0.8416041072591169 -1.3371018589936594 0.8423692736511339 -0.6899106004413706 0.1686467134677434 -1.3254638068173636 -0.2294444919879619 1.4035875439557746 -1.0055111205177933 
-1.3254638068173636 -0.2294444919879619 1.4035875439557746 -1.0055111205177933 -0.06121915993979288 -0.7756271600392379 -0.5498794647349543 -0.8876058436088514 0.04503887940314044 0.5704063863631563 -0.3943946136969654 1.1936581502787758 
-1.3254638068173636 -0.2294444919879619 1.4035875439557746 -1.0055111205177933 1.5810033814455866 0.25359120242614264 -1.68140962290446 1.1990101197083796 1.6102429209578273 -1.6256279469914525 0.2135616777196181 -1.7029657384696342 
0.2610243739827256 -1.1549297417110322 1.0246031320617761 0.8400423260219405 0.3346965718218149 0.5028355629651666 1.5589806066368141 1.2356970468209094 1.0036975594633009 0.7418943296442548 -1.0072418930802574 -1.5480259739563849 
0.2610243739827256 -1.1549297417110322 1.0246031320617761 0.8400423260219405 -1.8784425240053153 0.3859586817799161 -1.2091305790834475 0.4921261265563146 -0.7752045318839587 0.5439168514528543 1.7208827220722154 0.6489104912787305 
0.2610243739827256 -1.1549297417110322 1.0246031320617761 0.8400423260219405 1.999099194130583 -1.533405598508613 1.728103556647083 -1.5415064987840812 0.567333562780906 1.2297006913771638 0.21653149555310103 1.7340964693655545 
0.2610243739827256 -1.1549297417110322 1.0246031320617761 0.8400423260219405 -1.15913199036688 0.5373175604504628 -0.8275053149448262 -0.4604174940569834 0.04929887902228769 -1.6971141022276202 0.8227386545045334 1.379795957135007 
0.04929887902228769 -1.6971141022276202 0.8227386545045334 1.379795957135007 -0.022361226526220968 -0.6031235348516173 1.545931999616839 1.3667679894269105 -1.0615394944751304 -0.9711108035002423 1.3100023713517897 -1.8444728201685505 
-0.9265707068271856 -0.8456366733861587 1.1231194065696317 -0.1479455506402858 -1.6610911748830155 -1.0646760515194864 1.0329346742488519 1.6858540461518148 0.11021940989186785 1.9030554021569288 0.7494919548053915 1.1469379635341777 
-0.9265707068271856 -0.8456366733861587 1.1231194065696317 -0.1479455506402858 -1.3477262581902743 1.7143592062523756 0.25117301511720136 -1.750231445542883 1.3508716235274036 1.6923643931307484 1.5958025599778383 -0.340661604694648 
-0.9265707068271856 -0.8456366733861587 1.1231194065696317 -0.1479455506402858 1.873392370775309 -0.7549426454158636 -0.7160845734644621 0.2592554719122915 -0.5943989564827121 0.33848117105093634 0.7840092725260068 1.0960681689117595 
-0.9265707068271856 -0.8456366733861587 1.1231194065696317 -0.1479455506402858 1.4469905173901796 0.009443604475292133 -0.9431001407158424 -1.8049187009667347 -0.0415667044010144 1.6142335171885747 -0.9956144532450462 0.04052493349241981 
-0.9265707068271856 -0.8456366733861587 1.1231194065696317 -0.1479455506402858 1.8265617384274182 1.7974949383679841 -0.09524835132807219 -0.7011158555136525 -0.5376428006553371 1.9462290319500992 -1.6107683155548522 1.7844053251570404 
-0.5376428006553371 1.9462290319500992 -1.6107683155548522 1.7844053251570404 -0.7876504333952892 0.27909819614288534 -0.973676095565577 0.5922183034533588 1.971854848601605 0.7319657297176327 -1.570991691948656 -1.689923251841753 
-1.9982660926498839 0.5140403967579141 1.2084094286807119 -1.327808396127515 1.6932272948987706 0.6020030919427031 -1.863008445758414 -0.43548667351251336 1.4829678025310913 0.4217204764679865 1.790402904409393 1.9717195347172765 
0.5337713827903876 -0.3342666105226879 -1.241406990985325 1.1552659961442844 -1.540785372823124 1.1039172096312502 -1.0955692152506544 -0.38516987519971835 -1.097339332167265 1.147682379041643 -0.9624435817258719 -1.0783992100002977 
1.793847694340959 1.9182015025042496 -0.818129456906858 -0.7193000437870891 0.48316715720920467 -0.48209349893161546 1.494127215346793 -1.6859161432244352 -0.8987621460575275 0.45329177005180865 1.4290498409804067 1.4928296969790744 
-0.8987621460575275 0.45329177005180865 1.4290498409804067 1.4928296969790744 -0.06974882431499507 0.804148501923398 1.642430349512114 1.6210968211086172 -0.6899302973621366 -0.17867361668406367 1.254789247219322 1.9435952669029883 
-0.6899302973621366 -0.17867361668406367 1.254789247219322 1.9435952669029883 1.3927360183795954 0.8535885965084993 -1.0778602675599616 0.014582253293181413 -0.5653940306634917 -0.04682479991385691 -0.9583152013132961 0.8925759240439759 
-0.5653940306634917 -0.04682479991385691 -0.9583152013132961 0.8925759240439759 1.6336294408920495 -1.2817526016435123 -0.7462848910211468 -0.7695584279451899 0.015413578245172754 -1.1611439137511765 1.7706232581132064 -0.5407053402150255 
-0.3837438630742507 -1.7004038954075686 0.5137507672776178 -0.6595342857357442 -0.9278415345435334 0.6321613531924051 -0.2079070026639367 -0.11658129131413064 -1.4229088930065563 -0.9172220820069952 -0.9285276430420146 1.089652422824504 
1.4702588198619928 0.6698061949171219 0.30358981333700763 -1.4954739552849499 -0.250076740807724 -0.18280714745640303 1.7434499211743586 0.22620324123302993 -0.3761119395939594 0.40985099129812896 -1.2202670464629732 1.3854425887319306 
-1.0098223505658646 -1.1657396186688085 -1.6046566390443893 0.19888032265018385 0.31097604497523745 1.7383894994143478 0.9091719176045019 -1.8824085102405603 0.9660967225520949 -0.10219344923882678 1.2024056916920944 -1.1685260673143345 
-1.0098223505658646 -1.1657396186688085 -1.6046566390443893 0.19888032265018385 0.27910747052232443 0.7817151350440001 -1.7217724897857347 -1.6900365280475547 1.9116114076477722 -0.2770651683036345 -0.26849879689873113 -1.7424863848507597 
1.9116114076477722 -0.2770651683036345 -0.26849879689873113 -1.7424863848507597 -1.4111957350490867 1.0344515783805366 1.1412651656562738 -1.9637599233060663 -0.7267677230023395 1.6557918632377282 0.786891507146616 -1.7346441398941943 
-1.4111957350490867 1.0344515783805366 1.1412651656562738 -1.9637599233060663 -1.8772013024968346 -0.4728994338525996 -0.0940902116346587 -1.615486978095611 -0.6532122245297796 0.19801085843881205 -0.16882922035350534 1.1784903255331134 
-1.989603320823599 0.13867279891900752 -0.9600668892206525 -0.9965853705935461 1.4174912187541762 0.3441992381349057 0.8139355369396402 -1.7540791774753788 0.04205903690450841 0.6213978376068914 -0.5322135622162274 -0.5214243945745265 
0.6217842778935103 -0.7499240306623589 0.3470403126273389 1.5048082280552677 1.9757725980329042 0.17494804895300797 -1.539902243291977 0.27144487533132144 -1.8352799996535243 0.994022568040557 1.8668236197196868 -1.455112401847824 
-1.8352799996535243 0.994022568040557 1.8668236197196868 -1.455112401847824 1.3033613405367221 -1.4517676141277538 0.07250631064722457 0.8525609202848639 0.6504102434308527 1.1252715635002732 -0.7257426789519941 -0.6498800195393626 
-1.8352799996535243 0.994022568040557 1.8668236197196868 -1.455112401847824 -0.3174630670081582 -1.0033863602357802 1.426866741550958 -1.7708340617098948 0.6858747867770516 0.9242174776655401 1.1232143134426917 -0.809073078376711 
-0.3174630670081582 -1.0033863602357802 1.426866741550958 -1.7708340617098948 -1.4526480749248978 -0.7585760584267285 1.6369665232987227 -1.2381440597542608 -1.910901775911101 0.10069475309024778 0.01397351407580194 -0.9345208680095856 
-0.34016808094876305 1.5202483741466883 0.5997447468406554 0.8269164111986052 0.35430185254719593 -0.8327182961332351 -1.4173979611573042 0.0934985677172806 0.9540017764569328 -0.6057677118520819 0.17328477422628774 0.45224529705189376 
-1.5384899791820295 0.8286886735119432 -0.2551816954947048 -0.26821491373075146 -1.3398805749538067 0.7980844919434098 -1.9023775357967345 0.38953930951991067 -0.6593175549170529 -1.7734250357392862 -0.6105473413693776 -1.8488310869757263 
1.2025024151492643 1.0182098232535695 0.9152600293557769 -1.3357717673560767 0.478296120990525 -0.5900026883464653 1.8015932606404217 -0.40299491070195836 -1.2533538766991934 -1.9957994935635028 -1.8564436122724315 1.5638335202086835 
1.2025024151492643 1.0182098232535695 0.9152600293557769 -1.3357717673560767 0.11559921988994759 -1.9315698971557467 -0.2928167603436207 -0.6914903571658808 -1.6446155115182428 -1.5947023245043623 0.16576660924555808 0.7786745781174416 
1.2025024151492643 1.0182098232535695 0.9152600293557769 -1.3357717673560767 -1.7783208296996866 -1.0269511974276542 0.9261162577722302 -1.1304061806217702 1.9136395561561486 1.9364128393518873 -1.4844914964675358 -0.694389697930319 
-1.5737149757990285 -0.022611289115253896 -0.49623879613908617 1.0963568004987003 -0.9404715222007978 -0.9244703069821498 0.9906421034453476 -0.5969936406695955 1.5404672957366534 -0.7997806743100524 -0.6449529042804589 -1.2724526308122384 
-0.9404715222007978 -0.9244703069821498 0.9906421034453476 -0.5969936406695955 0.6355095664612427 -1.6497521829562838 -1.895652458545971 1.3161664531998354 1.763123446994947 0.22484162444826783 1.2448950906483502 -0.7336664378487718 
-1.683829815628183 -0.600573669423599 -0.10335525292683201 -0.808569541883422 1.835461173969572 1.7277703042002721 -1.9215550677972764 1.7134993857798313 0.6195095686149816 -1.7928841026587654 -0.07594349660851352 1.0526082142223157 
-1.683829815628183 -0.600573669423599 -0.10335525292683201 -0.808569541883422 -0.004353654107464688 0.3391500699094654 0.4723297976584755 -0.037953562042559064 -1.9820165764204574 0.3793004710829204 -0.6891944179464269 -1.835872448449103 
0.14361406633144957 1.6601134179149972 0.4995637147154861 -1.2720077665491383 1.3546714939013977 1.1628158544140068 -1.8752725713031295 1.5110083346894738 -0.3837963315928099 0.632610014709432 -1.4320624232492611 -1.72728365634211 
0.9388882049628626 -0.7202966927291108 1.03517290344729 -1.6280070061874543 1.393010366258875 0.7631270489619837 -0.8536971939093907 -1.9473190006131897 0.8007569079175996 -0.4089775602971595 1.3734548253599077 0.754117767514789 
1.393010366258875 0.7631270489619837 -0.8536971939093907 -1.9473190006131897 -1.5571772958678811 0.9627664763510242 0.8174828266799916 0.49449119367108363 1.6927578488999657 0.8333596767171723 0.7216223814508429 1.0087614765781154 
-1.5571772958678811 0.9627664763510242 0.8174828266799916 0.49449119367108363 0.8033928243598814 -0.6746508662700821 0.32150631497790094 -0.753673292222873 0.6186797235194081 0.7150941899083532 0.41576086104447496 0.9264027692362973 
-1.5571772958678811 0.9627664763510242 0.8174828266799916 0.49449119367108363 -1.6109372549794299 0.6615753645864735 -1.0993954594087465 -1.9182340613087487 1.3019071196617644 1.3161329647173452 -0.21961102220507378 0.25515261747940876 
-1.5571772958678811 0.9627664763510242 0.8174828266799916 0.49449119367108363 0.5114017584123216 1.5811665127110603 1.8924779921264472 1.3555700249036007 0.18875584667132905 1.6042911900311414 -1.778678938488576 -1.1354548518686798 
1.3668054008480812 -0.7696934180584334 0.6361034096114588 -1.0653640940950306 1.0067049834580062 -0.9255953823778054 -1.403760858748686 -0.1886150818610588 -1.8625293288738702 0.8917031418155612 -0.21144870465951948 0.3267602118584976 
-0.618799947499157 0.028365966525623953 1.0878368985381934 1.6552961866508857 0.18658658512834325 0.714260252949261 -0.7701726994269995 -0.7055916983409758 1.0672118500935768 -1.2863845724765475 -0.7527329183952647 -0.5882524631465973 
0.5970010246495656 -1.5885240354470214 -0.7826419744694442 -0.7816308686614342 1.5169267841518286 0.1456850112664445 0.6180049663295386 -1.9773469282138483 -1.9675553342282077 -0.23502447751372646 1.9456366331684416 -0.9652465923973437 
1.5169267841518286 0.1456850112664445 0.6180049663295386 -1.9773469282138483 1.7012763952944105 -1.9548296575789679 0.6008019467040517 1.979218986413931 -1.710609313543562 -0.369570833279242 0.8284859035176977 -0.7213574150795479 
-1.710609313543562 -0.369570833279242 0.8284859035176977 -0.7213574150795479 -1.8366233597493227 -1.7803641199705011 0.9211293135250553 0.09518445601150294 -0.7939652721764849 -0.12595215442649899 -0.7593141022632643 0.7438045886187279 
-1.8366233597493227 -1.7803641199705011 0.9211293135250553 0.09518445601150294 0.18424936442341622 -1.3877044119958457 -0.8518846106180509 0.15371326949682818 -0.6856280868295266 1.171098367476703 -0.764060657961104 0.5570544866256064 
0.18424936442341622 -1.3877044119958457 -0.8518846106180509 0.15371326949682818 1.6637993975017262 -1.3415963753717168 -1.372425059660705 -0.1759423880947204 -0.3017742775719827 -1.202748422554388 -1.702733679182522 -1.8001082268084168 
-0.3017742775719827 -1.202748422554388 -1.702733679182522 -1.8001082268084168 -0.5044531285916865 1.7435977028426528 -0.3969976867310079 -0.197350598063887 -1.4678351911556824 -0.05412332894760574 -0.34147316722943755 -1.7138837653574739 
-0.5044531285916865 1.7435977028426528 -0.3969976867310079 -0.197350598063887 -1.9791307417899997 -0.7471064383122474 -0.7471265346707088 -1.0765476212019824 1.5622560049136918 0.9585794542893047 1.1159018685000417 0.5002217326537326 
-1.9791307417899997 -0.7471064383122474 -0.7471265346707088 -1.0765476212019824 -0.8748196566529924 -0.1348959954963922 0.823482170454406 -0.20429507533167257 -0.06451577633416239 0.8617430865548998 -0.7800020355587001 1.8892872497674196 
-0.8748196566529924 -0.1348959954963922 0.823482170454406 -0.20429507533167257 -1.8899195373334092 -1.2073007797649646 0.8541192090234246 -1.1431944549517663 1.859578406093628 -1.497726247482329 -0.02613508037377299 -0.44933949363624226 
-0.8748196566529924 -0.1348959954963922 0.823482170454406 -0.20429507533167257 -0.7553340161877733 0.8603684518752917 0.5947063083240298 -1.5947434983313626 -0.6351874048021435 -0.9369537331721784 -0.1280428545145038 -0.48879755532317626 
0.5243587921108457 0.12220552766686765 -1.9448425097870303 -1.920327182851346 -0.12579984154213086 -0.8810167227574017 1.7849959471044796 -1.2495134465888191 0.503232072295889 -0.10889422131906867 1.586300153295841 -0.8607221591787542 
-1.3599657031949577 0.20932673861348272 1.3567991186022015 1.3581071769949111 -1.43554863392947 -1.7608268254922521 -0.6591892651281444 -0.4537550405848312 -1.286987488716072 -0.8802498558173673 -0.6304369855291196 0.1136848643173467 
-1.3599657031949577 0.20932673861348272 1.3567991186022015 1.3581071769949111 1.1433708329039396 -0.5849157253957937 -0.030632860147208785 1.6419092656747734 0.40699851814520205 1.8607590073422458 -1.9660228612756412 1.0767436845355296 
-1.3599657031949577 0.20932673861348272 1.3567991186022015 1.3581071769949111 -0.08262217009593398 1.7061684874912602 -1.3787189380849507 -0.17662046998915493 -1.8447388084187026 0.6063068917582961 1.656238000668751 0.3433827418441413 
-1.8447388084187026 0.6063068917582961 1.656238000668751 0.3433827418441413 -1.131967691665757 -0.9680745878797188 0.7593366965920629 -0.7855418831678391 -1.371750749224936 1.1218421256824218 0.3658417290998983 -1.009273324538996 
-1.8447388084187026 0.6063068917582961 1.656238000668751 0.3433827418441413 0.3686464172696682 0.7162295721673533 -0.033188713525777125 -0.32018614011539936 0.011372751146904836 -0.871459776544846 1.2975585078387062 0.3826531512537037 
-1.8447388084187026 0.6063068917582961 1.656238000668751 0.3433827418441413 0.43872953724428676 -1.0554800048547581 1.8182244263335958 -1.3142864115677622 1.4595953832817066 0.2178908573276206 -1.0649923466594857 1.4397724670366112 
-1.8447388084187026 0.6063068917582961 1.656238000668751 0.3433827418441413 1.1920402040363984 -1.0366616661075314 -1.6458093051769795 1.4040209190729742 -1.8999702009748396 -0.49563850305695123 0.3899449976780307 1.4050280095436603 
0.7091348024988737 1.0703949095273817 0.41668804862024933 0.18352902132384852 -0.8788600107471272 -0.10375986802004533 0.923505380992653 1.1465796046287857 1.2412426912576713 1.391674529671557 0.06729144191969683 -0.921641151192194 
-0.8788600107471272 -0.10375986802004533 0.923505380992653 1.1465796046287857 -1.1061466839605192 1.9681646543101374 -0.7873097425654567 1.4040889861277233 -1.6974549169865938 1.6297213316846828 0.9502284941948846 -1.5797066246426517 
1.8847474500671302 -1.0942583051782022 0.24704865472955762 0.4258190714493142 0.23570278396943634 -0.48679395648201984 0.4133188861555892 -0.7845849884258382 0.8852729328447646 -0.42044180716613777 -0.785476650611463 1.0344098586576576 
0.8852729328447646 -0.42044180716613777 -0.785476650611463 1.0344098586576576 1.4384254929546274 -0.07144454646556353 -1.1977740270832924 -1.8705457096824465 1.992062561341375 -0.9544902476195176 -0.999169403328882 1.1368893047773496 
-1.2997719419150924 0.072678402498763 0.7094371911126709 1.8250472695029174 -0.7414897454908491 -0.38303328557405303 -1.2890777235445952 0.8409141177533948 -0.8607147297782749 1.9655082703490119 -1.8774457419811736 0.1298831952550108 
-1.1619758938183078 1.9515123268023524 0.11058594106915898 1.0104752673693782 -1.6074111259320736 -0.24247689415203633 -0.28359544720176544 0.5454923185037162 1.00229299279591 -0.5625235390007264 0.3120309350150374 1.5975473315504436 
-0.07800860439022861 -1.7957275103781125 1.1573217204742523 1.385289101263099 0.7815362736792739 -0.04251929627340978 -0.2901658064741848 -0.4481572619590688 1.0720490916207468 1.6605956747673294 1.802846374202269 -1.56429621743119 
0.2460396409269503 1.447088171286714 -0.9621032303872346 0.44160525069554746 -1.2921835075338222 1.6127966277078163 1.2569483452419163 -0.245292201381333 -0.9236788693803373 -1.5026040886682508 1.1994077577607172 1.0172799675982365 
-1.2921835075338222 1.6127966277078163 1.2569483452419163 -0.245292201381333 0.4881324800613971 -0.3175139248267804 0.04179682258830786 0.15388014566129815 1.7310788129595807 -0.6600873079175975 -0.5903733567243798 -1.256559220793907 
-1.2921835075338222 1.6127966277078163 1.2569483452419163 -0.245292201381333 -1.4437130442532595 -1.9610383682559842 0.8555352227289097 0.5393175668804209 1.0158240740937892 1.8787923289311865 1.7878527769059458 -1.461292330886614 
-1.2921835075338222 1.6127966277078163 1.2569483452419163 -0.245292201381333 1.5133990202308851 1.7996060529086604 -0.8267929876367157 -1.1090658772255502 0.3911642166896345 0.9160251637818901 1.3304768472306137 1.1341357370989669 
-0.22730864563017317 0.9922937617792442 1.3201488339632599 0.41582021983259 -0.883967036843285 -1.9021045874431763 -1.8654816504706426 1.2841657960596624 -1.8233000954541407 -1.8826735546313929 0.5967889373896962 0.9514672948395231 
0.07998771269922589 -0.03682427693226087 -0.38478986204821286 1.7603187855080495 1.7712663738944991 1.7894583470625824 -0.1563621333994969 1.1287964225808098 -0.3307117501626671 -0.40153348578101644 -0.9875092780947354 -0.31747088686823277 
-0.3307117501626671 -0.40153348578101644 -0.9875092780947354 -0.31747088686823277 -0.7176691631635204 -0.567809597895641 -1.7052443255062144 0.9683876788076153 1.3649608984253496 0.1715402688116665 1.9242206916104077 -1.5138373822963365 
1.3649608984253496 0.1715402688116665 1.9242206916104077 -1.5138373822963365 -0.4779143090894471 -0.9925729536151571 1.574973131080562 -0.6695333264992231 -0.6878407247075082 -0.8084394440821185 -0.5211752301630432 0.9550380470209956 
-0.4779143090894471 -0.9925729536151571 1.574973131080562 -0.6695333264992231 -1.5762786533685458 -1.5095304765521704 -1.3731008518180134 -0.24154046727267797 1.1790228565485816 -1.1423167980459286 0.9879685248641974 1.8837673675419242 
-0.4779143090894471 -0.9925729536151571 1.574973131080562 -0.6695333264992231 0.9047762941540478 -0.9587191638277517 -0.7102719123590409 -0.9929094047806513 0.8881510578082943 0.9424144090714486 -1.41807781874512 -0.34776637947827327 
-0.4779143090894471 -0.9925729536151571 1.574973131080562 -0.6695333264992231 -0.23441911728551545 -0.3354406138564934 -0.4839448031864655 0.7223449402635831 -0.5704008973764845 1.2827710338002527 -1.2315510814586146 0.8310561122461233 
-0.23441911728551545 -0.3354406138564934 -0.4839448031864655 0.7223449402635831 0.5651977925566918 -0.16509640350387977 -0.5156509594320982 1.8993884350704429 -0.6638052986132346 1.7182803998497014 0.4501729577007616 1.5833389563577458 
0.9571257460997344 -1.1360043430285307 1.7340029102242722 -1.6722149805471518 1.4795174499455563 -0.1553758963138674 -1.3231092289832453 -0.6556736375365402 1.1102120298655023 1.243909081298571 -0.4054942494623308 -1.476278989797613 
1.1102120298655023 1.243909081298571 -0.4054942494623308 -1.476278989797613 -0.5452313605638204 -0.8620032500242587 -1.9261558365963616 -0.5140171111501233 -1.1360722411890505 0.08368130240347504 1.1171108176218247 -1.734948198148969 
-1.1360722411890505 0.08368130240347504 1.1171108176218247 -1.734948198148969 -0.034259716519897676 0.017417065468456894 1.8846810182418814 1.0833379877172256 1.5141504864384636 0.025029754934978055 0.5954458945277255 -0.1718402240646184 
-1.1360722411890505 0.08368130240347504 1.1171108176218247 -1.734948198148969 1.0696518195011997 1.1864432547274477 -1.3981110870232114 -0.7288880710233556 -0.7329236830520043 -1.3623356378649958 0.9024238452658522 -1.8314456394675833 
-1.1360722411890505 0.08368130240347504 1.1171108176218247 -1.734948198148969 0.2597438149774063 1.9511589690706885 -0.9678792968983423 1.8226133668054159 -1.0165453458175921 -0.5049634261817184 0.38013252226186367 1.6306418780547105 
-1.1360722411890505 0.08368130240347504 1.1171108176218247 -1.734948198148969 -1.3914540838023526 -0.17295045690315058 -1.6622820561710077 0.6933253438526936 -0.8974938950612077 0.03282734877407245 0.39220500618655985 -0.573679154798016 
-1.1360722411890505 0.08368130240347504 1.1171108176218247 -1.734948198148969 -1.4983934952384765 -0.14792515955944952 -1.345579404938206 1.877505854283482 -0.6376467998408843 1.7427680274497406 -0.37699827074808523 1.7688725724206167 
-0.6376467998408843 1.7427680274497406 -0.37699827074808523 1.7688725724206167 -1.452993630660114 0.6598318928451281 1.6752820829608845 1.6949945705071632 1.3978832262032097 -1.808771333792091 0.18195516487953967 -1.8290693435631789 
-1.452993630660114 0.6598318928451281 1.6752820829608845 1.6949945705071632 -0.8008466064974042 1.48321068879248 -1.237900488767171 1.259363714753173 -1.500252872992605 0.6510435639778631 0.7775888001542746 1.751716139758074 
-1.452993630660114 0.6598318928451281 1.6752820829608845 1.6949945705071632 -1.657069334262487 1.6691001377725003 0.6648402463984282 -1.3075661893774755 0.12844963943837673 1.6257642438275615 -1.3268198041152326 1.1107853289168905 
-1.452993630660114 0.6598318928451281 1.6752820829608845 1.6949945705071632 0.7143052753789423 1.0047388778373278 0.40525139201675886 -1.818047509406886 -1.2008004385843103 -1.3616560163491465 -0.8103476840667518 0.6502342524950566 
-0.5003173888890324 -0.3879698468486108 1.6024088086233736 -0.3098817025971563 -0.6889625231854315 -0.06801926584447493 -1.1582410490323092 -0.8400622945623093 0.8028799946956897 0.9982410132454511 -0.11125103965773997 1.63575597354746 
-0.9491378338133942 0.09324479792160378 0.7662671429669277 1.7848926892740904 0.5349650103921082 -1.1180064689042792 -1.22112107605902 1.1958242066262952 -0.967505735517308 -1.5925547838492968 1.5220482377596776 0.7234878677520618 
-0.9491378338133942 0.09324479792160378 0.7662671429669277 1.7848926892740904 -0.8490597757546725 -1.9237375541385728 1.4169171951289359 0.5884252088293045 1.678016566484592 0.10575082240164502 0.5361577281528551 -0.9649384401764487 
-0.3823183202617231 1.2351136233553168 1.8510665352159745 1.1764381595585545 -0.9802628613987903 1.9108729544923433 0.24894944893282211 0.38081738251059827 -1.6304383767426813 1.2245921451940678 -1.4135953012646691 0.8858038261179626 
0.24454597179588733 0.5217278064745803 1.4450210541889539 0.33511621843288486 -0.940233728676168 -1.8163590853605625 -0.2769381357388423 -1.0511292451972065 -1.020619913016065 -0.005414823315677442 0.6870284186473099 -0.4872371726733733 
0.24454597179588733 0.5217278064745803 1.4450210541889539 0.33511621843288486 1.2537614549595033 0.688004147058551 0.9147272710763308 -1.2279260519728008 -1.2356620583940274 -1.9765655602082624 -1.4272684172047772 -1.5113925982448406 
0.6098223988149725 -0.6890170433848297 0.5025866400697843 0.33786418418893893 -0.33511998362223094 1.0264583327856394 1.786933361087792 -1.9328722027568102 1.930589009962007 0.17399964920340683 0.11091162506554308 -0.17445025140530035 
0.07306152237278729 -1.6507448378734009 -0.3505327618268752 -1.817129376347403 0.9194637917041621 1.9037681862630502 1.8646413768913823 0.3285467103273043 0.6760985731380451 1.5090028225103076 -0.22539409797678633 -1.8024050205330133 
0.613256931424607 -0.7838472784696862 0.788450943374984 -0.2315115392598397 -0.5835044079943357 0.5541383113848211 0.37934195759990885 -1.3433550391583005 1.4112733909960342 -1.358181717519706 1.2718941227112763 -0.04372692231723008 
-1.155145212533848 -1.102369874703434 1.6998422494024314 0.7572536559767391 0.7178226599801723 -0.09657403886394311 0.3970857473897649 0.9921437843558274 0.2245745751969639 -1.0670516525748712 -0.44004025081681286 -1.9239287744564937 
-1.155145212533848 -1.102369874703434 1.6998422494024314 0.7572536559767391 1.7739035470773228 1.9578009328262453 -0.04407401996766547 1.369760673184611 -0.8638759065686479 -1.0953750753304186 -1.521660382315226 0.5178289338843554 
1.7739035470773228 1.9578009328262453 -0.04407401996766547 1.369760673184611 -0.9546229509943625 1.2113405427052193 -0.38515650788604994 0.6096113067393678 -1.9351287877592322 0.3510204489706439 -0.37910552978447676 -1.52520076163702 
-0.9546229509943625 1.2113405427052193 -0.38515650788604994 0.6096113067393678 0.5548876486188745 1.040275445894392 -0.6191225843753361 -1.1317794861285888 1.5889681899783303 1.3254684133133727 1.6514588377835207 1.1684852045741319 
-0.9546229509943625 1.2113405427052193 -0.38515650788604994 0.6096113067393678 1.0060973838562068 1.524456048744983 0.6482777870714158 -1.9322777256814314 -0.985322588223446 -1.456506642400166 -0.48439762983220636 -0.006050831804108814 
-0.0736660540092986 -0.39106843416534876 -0.7290943186395586 1.3054999507457037 0.7343457469753054 0.9320952764171766 1.8878167598285387 -1.5054898271143395 -0.5565693153241269 0.7363608179356183 1.3127799336940287 0.0012941433218962572 
-0.8683195198366254 -1.6655414398857595 0.538540499120439 -1.3648167944185121 1.0833518016683015 1.924695836310002 -0.6714140751179967 -0.39247501736098034 -0.400901307727183 1.8563874790828305 0.5940649935390621 0.6962602523638655 
1.0833518016683015 1.924695836310002 -0.6714140751179967 -0.39247501736098034 1.7649678580648018 1.6490129939158615 1.016712555589943 -0.5423639975125871 1.1761076256723748 -1.9354852148081556 -1.1933249059800093 -0.05171419002522892 
-1.2537547609597754 0.10542509607790462 -1.541854525947199 1.3389650617588056 1.8890600025865005 1.5873255700003637 0.4757192348663408 -1.4533033154944803 -0.06681531069974378 1.7749912881618206 1.8018841376889658 0.6064583524098013 
0.9518255757524106 -0.04309728142027858 1.0720003491583152 0.66889078191651 -0.018251288953567535 -1.3260761913881356 0.9915713441378671 1.555030541220197 1.3856202986595583 1.8006294954096558 -0.2987522310713886 -0.7059254976578861 
-0.018251288953567535 -1.3260761913881356 0.9915713441378671 1.555030541220197 1.4518712642860505 -0.9746826009639267 -1.1857811086136691 0.6743699580897764 -0.8999987349915335 -0.3033569067247073 -0.416049126755889 -0.4923426275248439 
1.4518712642860505 -0.9746826009639267 -1.1857811086136691 0.6743699580897764 -0.2803947658326953 0.4540431010518948 1.1998077248140069 0.054979820161630055 -1.713505998417808 0.40924799046063587 1.6053850614774534 -0.1222602291125523 
-1.713505998417808 0.40924799046063587 1.6053850614774534 -0.1222602291125523 -0.36446568014113767 0.32932418321518586 -0.8736445530373169 1.930602582695741 1.6600311492148339 -0.09661564328541061 -0.31800265999891675 -1.1416435038203283 
-1.713505998417808 0.40924799046063587 1.6053850614774534 -0.1222602291125523 1.8218015485695762 0.4425827667397195 1.7673743154917445 0.30715924529659944 -1.9874817301236436 -0.3895310123710596 -1.6279850852379654 1.384410221070199 
1.8218015485695762 0.4425827667397195 1.7673743154917445 0.30715924529659944 -0.010907193462272424 -0.5084918914899497 -1.510615135047492 -0.830427426281128 0.6441722344773639 -1.5517099902359353 -0.9081241564429487 1.944067457525585 
-0.010907193462272424 -0.5084918914899497 -1.510615135047492 -0.830427426281128 0.6498948900100476 -1.1605581087311618 0.4670802891729622 0.28546030744658024 -0.6290631780366898 -1.805952399699363 -1.8453554659607958 -1.6798158957424945 
0.6498948900100476 -1.1605581087311618 0.4670802891729622 0.28546030744658024 -1.9040982987904838 1.9024185761139316 -0.42559378141260984 -1.4327609444290506 1.1924412554990864 0.027030859061662138 1.1610232004528176 -1.830076701288816 
1.1924412554990864 0.027030859061662138 1.1610232004528176 -1.830076701288816 -1.4966257887414591 0.3051913844652301 -1.5063709285916373 -1.5086862961097447 -1.713803778221556 -0.17716762101277306 -1.635593803306262 -1.4307774756913094 
1.1924412554990864 0.027030859061662138 1.1610232004528176 -1.830076701288816 -1.368315715765568 1.369995482790619 0.4349621150933589 0.2550879589997197 0.10037901482367717 -1.3760645582327853 -0.8709008549484372 0.4767575699374391 
1.1924412554990864 0.027030859061662138 1.1610232004528176 -1.830076701288816 0.7659980933496349 1.8574686330043053 1.4926057723897137 1.2150683550268773 1.2166794854097045 1.8615035629437404 1.2689171152105123 0.07675339070471532 
-0.384639916453863 0.90084524872888 1.895680605076544 1.2323293291905024 -0.6594566196011682 -0.9383857223674545 -1.2600278089828096 -1.460923696594707 0.20386684105099562 -0.08486035134226677 0.3455900040939577 -0.04840998566788279 
1.0023502897677297 -0.49226191970843924 -0.9209294485383959 1.2604775285593157 -0.4816319703316254 -1.9270418034815373 1.7158854851987266 -1.539939225987819 0.48342935170099466 1.6107497159787716 1.85489739435093 1.8329864972112002 
-0.4816319703316254 -1.9270418034815373 1.7158854851987266 -1.539939225987819 -1.4487844938691676 -1.780119531644519 1.5682169087497426 -1.5208865586994937 0.13326819519621358 0.93332114587079 -1.06371127886743 -1.4947763808205239 
-1.9949347755295057 0.2915603957537698 0.48212802717153824 1.9002399092814986 1.1347017451943833 -0.8061043785627655 1.764764943710631 0.9445625716245845 -1.3165836670521665 -0.9876753732403407 1.0383429852726462 -0.6611105823396528 
1.1767657035211734 -1.9813362562566614 -0.5676821362836408 -0.6272795625723826 -0.7075507331968396 1.516286690446842 -0.33595670141139555 0.9112746230091435 -0.6689551909766749 -1.820874853582215 0.8660181229636184 -0.45772893989994 
1.1767657035211734 -1.9813362562566614 -0.5676821362836408 -0.6272795625723826 0.12193056413769243 0.35226120151188356 -0.3697049392085603 -0.8278424043302568 -1.3602780433603687 -1.3564560386872229 0.03148915908760985 -0.07755387863703644 
0.12193056413769243 0.35226120151188356 -0.3697049392085603 -0.8278424043302568 -0.8119808162055078 1.451169426644726 1.309784398547757 1.0101040940652974 -0.5571465435915046 1.7096400674297665 1.872379012927424 1.230023813883113 
-0.5571465435915046 1.7096400674297665 1.872379012927424 1.230023813883113 1.5436900632842994 -1.2675530739182608 1.1243315580619409 -1.0302028553547409 0.7705908748367842 -0.8513984401305033 1.3005032728039962 -0.42017442082959455 
0.7705908748367842 -0.8513984401305033 1.3005032728039962 -0.42017442082959455 0.7539638356933782 0.8300300808965875 -1.697261373470138 -0.4498649315440497 0.3635794587504724 1.3587289563656975 1.9144509457367636 0.08497930671051579 
0.3635794587504724 1.3587289563656975 1.9144509457367636 0.08497930671051579 0.1381800610102344 1.315165430922434 -1.1736141598202616 1.6587231752296256 -1.9882179659176464 -0.21219394516751233 -0.054488030093267525 0.12442862679483424 
0.3635794587504724 1.3587289563656975 1.9144509457367636 0.08497930671051579 -0.3044584865648985 1.594272063919456 0.5781840118792889 0.21409296288098778 -0.6992892210511643 0.6693104934615035 -1.5466455764075504 -0.7387963959090542 
-0.6992892210511643 0.6693104934615035 -1.5466455764075504 -0.7387963959090542 1.4167422149251343 -0.6129835534259418 -0.6844702479639344 -0.959474388389844 -0.2112766993063966 1.2855990202997134 1.421013509183381 1.3378626522773396 
-0.2112766993063966 1.2855990202997134 1.421013509183381 1.3378626522773396 0.6033645351242152 1.513346896066488 1.238353434415027 -1.3899678080565927 -1.7541643614026183 -1.3599992192019204 1.2642792174958553 -0.7807152850163037 
-0.2112766993063966 1.2855990202997134 1.421013509183381 1.3378626522773396 -1.0467111854531947 -1.1332664036565294 -0.36308104330405166 -1.8226435765742157 0.5512744000909264 -1.7359569508378812 0.9816061701278995 -1.364949805937958 
0.5512744000909264 -1.7359569508378812 0.9816061701278995 -1.364949805937958 -1.4863146574467883 -0.815225000540611 -1.7457149969705554 1.7510319218232175 1.424955334125369 1.8554889041304548 -1.3370712333328747 0.5636861459099669 
0.5512744000909264 -1.7359569508378812 0.9816061701278995 -1.364949805937958 1.5126676705104978 1.2097553608035825 -1.1515860691156452 -1.3991616197711396 1.2107663345946755 -1.0840064185394573 -0.16962208998953976 0.8969784652530337 
0.5512744000909264 -1.7359569508378812 0.9816061701278995 -1.364949805937958 0.6134124430024568 -0.19737965442399696 -1.8137716065189928 0.07106610500407795 1.0642775949637153 0.026958653486264694 -1.292619388492815 -1.2792544646723987 
1.0642775949637153 0.026958653486264694 -1.292619388492815 -1.2792544646723987 -0.4353325892009723 1.3538647492698561 0.05135741164874208 1.300908024403757 -1.05472629904517 -0.7303251871406942 -1.8811156530794957 0.7406095490722264 
1.0642775949637153 0.026958653486264694 -1.292619388492815 -1.2792544646723987 1.8844875450929557 0.8934035759654146 -1.0945754332915207 -1.9413345604570273 0.7128158548247172 -1.7487149835420528 1.9438272370355492 -0.7940729450711892 
0.7128158548247172 -1.7487149835420528 1.9438272370355492 -0.7940729450711892 1.4951615723756957 1.0491108103636626 0.02802371427342365 -0.7815403681134221 -0.9072122401973637 1.0126790755653627 1.970275146350272 0.5420007312010471 
1.7306612472465606 -1.1742226566477973 1.3943624367364493 1.1629122583605973 0.7028871417530604 -0.49344340028542666 1.679622433891395 0.5762395990849907 -0.3268596245567661 0.5399942422789543 -0.9902204401825392 0.6251510304347296 
0.7028871417530604 -0.49344340028542666 1.679622433891395 0.5762395990849907 1.117043898105051 -1.692970780100131 0.2592003795785027 1.6171694552893507 -0.031001771738289108 -1.1778815210191222 1.776527362302085 -1.9480874802268033 
-0.8629114553022883 -1.6545036552787602 0.860272018138672 -0.7894465762238645 -0.2710464957421044 -1.9735064408832983 -0.759329580818175 -0.0077606836892578634 -0.25163248529366644 1.6112735340689044 0.8710096964571794 0.3503286532764509 
-0.8629114553022883 -1.6545036552787602 0.860272018138672 -0.7894465762238645 -0.5423528067772638 -0.016343002796647355 0.7508900476858114 1.9327911914623659 -1.7631133770435068 -0.49935730515668464 1.555851355920343 -1.112873360681773 
-0.8629114553022883 -1.6545036552787602 0.860272018138672 -0.7894465762238645 -0.8772115561357876 0.5485362372904663 -0.35196147625420915 0.6866338419310627 1.7972986814128928 -0.7587965409783295 1.2633961472736481 0.12201432024561987 
0.06728785811556115 0.5777813774732232 0.15872750314038253 0.6634106728537872 0.9868294816809793 1.7699837913481193 -0.10404029145824456 -0.7889601731825104 -1.9257430956291763 0.11706946784926453 -0.0031375108542981422 0.4354895005451316 
0.9868294816809793 1.7699837913481193 -0.10404029145824456 -0.7889601731825104 1.062299860971942 0.22366556638625523 -1.4459743984037394 -1.834011339700036 1.2701887764082338 -0.9021621368717399 -0.25052003469328676 1.7344560013657833 
-1.2976258261884026 0.9438281621873457 -1.203294527018402 0.34758510411041454 -1.0790257664642788 1.579616283606482 -1.1798178834733926 -0.6376768566485573 -1.409364676861037 -1.667525206308024 -1.5219173403443147 1.663181850878031 
-0.2842557449830969 1.0776172339850412 0.5829746387409407 0.4513920487024925 -0.15168754337644907 -0.5277087496996211 -1.102642603804055 0.2408689183120547 0.519680606781828 -0.6473576349544117 -1.8860019475505232 0.8240115369936567 
-0.2842557449830969 1.0776172339850412 0.5829746387409407 0.4513920487024925 0.9220231471056652 -0.7264752336534848 1.80598361941315 -0.5457191959213628 -1.3675857175312545 0.9734291497888798 0.5146040532349119 1.4008277393556199 
0.9220231471056652 -0.7264752336534848 1.80598361941315 -0.5457191959213628 -1.0926963656668898 1.178950167616156 -0.8398434702619713 -0.004972071323963156 1.3414253211188183 1.8939917477042258 -0.2434009695327819 -1.343940843764944 
1.028672829810859 -0.11028984865115721 1.4908380753191128 0.9255600338951133 1.5647030117823384 -0.5815713644135418 1.1039423613565211 -0.31170784493439774 1.5243767362562965 0.5925176827903647 -0.6868389277275706 0.5524789878783771 
1.5647030117823384 -0.5815713644135418 1.1039423613565211 -0.31170784493439774 0.41745212052381353 0.4236121190706603 -0.33890415567970855 0.7622229471836532 -0.6910979392741559 0.04109088446430942 0.766947414353135 -0.3524945838122462 
-0.6910979392741559 0.04109088446430942 0.766947414353135 -0.3524945838122462 0.5182308067698802 1.3858473525792818 0.5794587413126373 1.6342812396458433 -1.5835183306736709 -1.859412368598584 1.712887606793267 1.293574559919879 
1.5235921558946726 1.4971458755294131 -1.9842812169853281 -0.4853648117193754 -0.9905222890919791 -0.005861356977436394 1.314006894851052 0.8327014681833229 1.7991384676579383 -1.2957255634893463 1.4318899762311306 -1.8138834847882204 
-0.9905222890919791 -0.005861356977436394 1.314006894851052 0.8327014681833229 1.732477314855311 0.6838585856978323 -0.06999745026310178 -0.9035852958843993 0.2664488231858493 -1.976051057279458 -0.6657199608085533 -1.7957558820208455 
-0.9905222890919791 -0.005861356977436394 1.314006894851052 0.8327014681833229 1.0178715590584 -0.5829850260510212 -1.8820599836797696 0.5572080417008958 0.3621216331541328 -1.2396308333510717 1.32434405613918 1.2546712285946273 
0.3621216331541328 -1.2396308333510717 1.32434405613918 1.2546712285946273 -1.7979051568043403 0.9256318014837652 0.8141180058170034 -0.8385230058554702 -1.934455884734882 -0.24952452712674855 0.7041320101390505 0.011623952110657143 
0.3621216331541328 -1.2396308333510717 1.32434405613918 1.2546712285946273 1.7320601900274473 -0.6143961609006721 -1.9069846724885657 1.6298444789518798 -0.37895968755880727 -0.7334520048073458 1.4403067681127664 -0.4597355732371624 
-0.37895968755880727 -0.7334520048073458 1.4403067681127664 -0.4597355732371624 -1.1117075374047887 1.6606264594085554 -1.1532211058758546 -0.5557277399747664 0.03752811839990278 0.4143062922629861 -1.8853568801933624 -0.3123558642545312 
1.363268613248155 1.2633105830887956 0.999121746851424 -0.6111234234324909 0.9674576250269493 -0.9729143249995014 1.3768186076059528 -0.9646716787471017 1.1568035070883012 0.40985904926897954 0.5967446380673143 1.8169043855678195 
1.1568035070883012 0.40985904926897954 0.5967446380673143 1.8169043855678195 1.625593775462403 -0.7536741196532444 0.7135985020317595 1.1345888788613503 1.2021906931126645 1.7116526049516145 0.09818315370221287 -1.4888101522031763 
1.1568035070883012 0.40985904926897954 0.5967446380673143 1.8169043855678195 -1.269174356091149 -0.8811320042791251 1.982605253730536 -1.2854492580164645 1.2550498560929215 -0.22603574259499837 -0.10878707022672351 1.8181071137079146 
0.7902844037834216 0.330015455223573 0.5846935856149384 -0.2868720123749924 1.3555845770674404 -0.6779374183359597 1.182358147076577 1.6830884903565146 1.9382718412067805 0.8598658289098426 1.2743997721235059 -0.9967511988146316 
0.5286205246738058 0.4862006285282039 0.8071370386436563 -1.127652575551838 -0.4352113776339839 -0.26297029652940296 -1.3499152423248995 0.44277537227293173 1.5137394722230608 -0.10598247790530069 -1.0206940945504739 -0.08614333113704076 
-0.5817343751436614 -0.6376505441271938 1.2167025860616278 0.23028499946227488 -1.5610412270391318 1.1310877949493454 -1.4251180232305414 1.659488801614947 1.3922883900551715 0.18477079771728944 0.3541646777767493 -0.6699561324225947 
-1.0837758808935534 1.626743487813076 0.48356083154830287 1.5085779998160795 0.31129863675005254 0.6453246678428477 0.6497336036582766 1.0217235158266322 0.7104759454529845 0.9590438189877606 -0.7894840948203448 0.21160244565456088 
0.31129863675005254 0.6453246678428477 0.6497336036582766 1.0217235158266322 -1.7241425726036583 -0.8257676679813799 -0.20788883881585019 0.056114404935604156 0.09430714530413065 0.7915374156955219 -1.6504068140750574 -0.997592346621738 
-1.7241425726036583 -0.8257676679813799 -0.20788883881585019 0.056114404935604156 1.0499142079927881 -0.3876685637582451 -1.0247771154624008 -0.9001439996245892 0.5665058014620672 -0.5668383247182587 -1.127368388855166 0.16340840663955225 
1.0499142079927881 -0.3876685637582451 -1.0247771154624008 -0.9001439996245892 1.0491040511904108 0.7870034239175467 -1.6320638863349606 -1.4995272748854895 0.06377947163037012 0.38358670830851604 -1.9586542032789822 1.9646106072498206 
1.0491040511904108 0.7870034239175467 -1.6320638863349606 -1.4995272748854895 1.710314737495919 -1.0675770327127272 1.5280132400496802 -1.3094778644070622 -0.6796265955580933 -1.3875243879584302 -0.14818057569286847 -1.8648590369386855 
-1.270307345034491 -1.8261254842347832 -1.8920423483659805 1.2851457683625558 0.6599361459968698 -1.1274892311562277 0.7905691893846867 1.2513765774508263 -0.8099036794399197 -0.6589851578681079 -1.9007842519565203 -0.6322003457750758 
0.6599361459968698 -1.1274892311562277 0.7905691893846867 1.2513765774508263 -0.552614552428361 1.3037223198160102 0.4335017504687513 -1.3705034071055797 -0.5426491941682379 0.23093246613632346 0.6893167645504623 0.9462295178825011 
-0.552614552428361 1.3037223198160102 0.4335017504687513 -1.3705034071055797 -1.4433743419270106 0.3655613708647918 0.00522884906701071 -1.1176602430476685 -1.3868283474248413 -0.19601405458120214 -1.485058697041819 -1.3701278219516633 
-0.5716976100467095 1.637630187683551 -1.6159961385085735 -1.3965578333347701 -1.4089023997748655 -0.6124983668460087 1.3449260552271416 1.3459202135111257 0.2931219624477426 -0.07215271026158554 -1.9589950836813066 1.9642810035824168 
-1.4089023997748655 -0.6124983668460087 1.3449260552271416 1.3459202135111257 0.6276393870303472 0.3548338247476064 -1.4327289815680904 -1.5286676464266318 0.35853726093519844 1.3188951472656028 -0.2642171137821334 0.8275713458102065 
0.6276393870303472 0.3548338247476064 -1.4327289815680904 -1.5286676464266318 -1.0069454347158944 0.2834304993429373 -0.3196032622547409 1.835222432417749 -0.5814793846533184 -1.1679494234897216 -1.5565502257902137 -1.5309729713451081 
0.432262043744855 1.1471831635163179 1.698429995205673 -0.6032927141664479 0.10989387748401036 1.8390131146993127 -0.7026289339233958 0.796088398589557 -1.3918292050385128 1.652360145815678 0.19072055202461735 1.41816560268445 
-1.3918292050385128 1.652360145815678 0.19072055202461735 1.41816560268445 0.154475504488647 -1.2309324993263107 1.8569485042758207 1.3783139728303264 1.7413887522945886 1.1383833973723885 -1.4240415297236497 0.11786687388578798 
-1.3918292050385128 1.652360145815678 0.19072055202461735 1.41816560268445 0.030966351083980825 -0.7452721074299875 -0.4551708493395301 -1.768485260790337 0.016600084345242294 0.4339202942863074 1.046731216461224 -0.8418279092444432 
1.2365020965035103 0.06763121364294511 1.0148483284365288 0.7677567852279039 -1.1323050712114204 -1.0965282444680682 -0.6149329760009565 1.5456716470582212 0.64573207507779 -1.107151474261785 0.7719346566651284 0.594094287344892 
1.222000434822676 1.3101851239492244 1.4183268308059067 -1.6921716267762568 1.891247402785718 -1.3441028691945638 0.8267602370466891 -1.166367710105673 -0.619166762291409 -1.9634544377276009 1.07027238870997 1.400142075951813 
1.891247402785718 -1.3441028691945638 0.8267602370466891 -1.166367710105673 -0.27883486326647144 1.2914503236598303 -0.9037848667006312 -0.05825657289987829 -1.050591161541103 -1.928276586538804 -1.3759998811842715 -1.4451190670752347 
-1.050591161541103 -1.928276586538804 -1.3759998811842715 -1.4451190670752347 -1.9942831269564816 -0.45999581467857187 -0.20756621193403912 -0.3030353353194415 -0.810488268947609 -1.1116891811920424 -1.1132146593526446 -0.4321661494637494 
-1.3839309971008755 -1.679576773523363 -1.0679881599531527 -0.4914363594336475 1.6347542664873025 -0.852475652479793 1.2571378948691967 0.7887951479046116 0.7308681978015104 -0.9474466148382246 0.6616966388097221 0.321879050233437 
0.7308681978015104 -0.9474466148382246 0.6616966388097221 0.321879050233437 1.033280827072013 0.26661068293055257 -0.6159101876990278 0.1878497268117485 0.8391961542506188 -1.2631709183912334 1.5310818786351237 -1.8292743746649087 
0.8391961542506188 -1.2631709183912334 1.5310818786351237 -1.8292743746649087 -1.782628929857906 -0.15897092439928873 -0.504142474063435 1.4964048703512005 0.09094284235901418 0.3686734276907311 0.4861566779010822 0.947470207536016 
1.253181594030734 -0.6466919629794456 -0.3339936164296362 -0.5740173827049904 -1.2278063164063244 -1.8617536218195148 0.3780722910229741 0.6722933378001694 -0.6297328109066163 0.9421240622755294 -0.30640420151473347 1.119979637666788 
-1.2278063164063244 -1.8617536218195148 0.3780722910229741 0.6722933378001694 0.12001511416643007 0.5135787815754376 -0.9567251599626219 -0.9867862623551762 0.8667136667696083 -0.6842053164490598 0.6596499137154161 -0.01007755408410338 
0.12001511416643007 0.5135787815754376 -0.9567251599626219 -0.9867862623551762 -0.08911043938357821 -0.34565390498144843 -0.2424761937520854 1.1416747294466258 -1.2767293534729456 -1.6869251296689671 0.49255843358687157 0.04492629528407077 
0.28653040624796766 -1.3520129273871673 0.8113338555643757 -1.7892339651667917 1.8895975627168369 1.9613736528076862 -1.2850993218325097 -0.5750278956204151 -1.0743180892528073 -0.7686650217339586 -1.8589377204839117 -0.08437092702019466 
-0.4785776431456985 -1.1570707022669806 1.4155556949800485 0.7125618443175274 0.8823288857577984 -0.5290200110803513 -1.3106474520494213 -1.187488493129714 0.4131808929394558 1.7067049168482686 1.6044160769265288 -1.6532089915821824 
0.8882796894169056 -1.8126999550145348 -0.3254984082930408 0.6089998409259274 0.6707340468297525 -0.43291558419725273 -1.8085260593118475 0.014564959583822645 1.3504241188109023 -0.9212913175187261 -1.2194428788629241 -0.2656695398766389 
-1.487172339376046 0.8309373582950585 1.1269717124017227 -0.7751031804115929 -0.6457374577784436 0.6695106600428979 1.7357125972679586 -0.6904792830584947 1.7036335124762614 0.830663717126459 -0.331733612626139 0.934721404976782 
-1.487172339376046 0.8309373582950585 1.1269717124017227 -0.7751031804115929 1.8536984352082744 -0.7760235004067271 -0.8978633997508183 -1.2442078620005477 -1.0578408273978943 -1.9758282442618569 -1.2585919204269538 -1.478024301946578 
0.998338836063088 -0.4883959821967352 -1.5314834381399174 -0.2211855895650694 -0.6696953855915178 1.4068026833219025 1.5348005723325042 0.23636890614403727 1.1862843016453892 0.11918593469314942 1.7459992965039097 1.5577401729026144 
-1.535402004448256 0.182021244260556 -1.025510910725707 -0.3680760442916613 -0.5161672023480905 -0.2600948303603774 -1.418180627845003 0.5865907239880768 -0.9675188249634123 1.1193056911385026 0.18228467549889826 0.9643618538432692 
-0.9675188249634123 1.1193056911385026 0.18228467549889826 0.9643618538432692 0.9104556983921919 0.595724977562853 0.8032947532215404 -1.3535335120369578 -1.1337738255077654 1.651213609601926 -0.6882343738228278 -0.8949599085396249 
-0.9675188249634123 1.1193056911385026 0.18228467549889826 0.9643618538432692 -0.5311382948918228 -1.4164275397767634 0.6280967621808227 -1.6833761700627963 1.1335531753168295 -0.5781867889311094 -1.8387123807400387 1.9009514553840456 
-0.9675188249634123 1.1193056911385026 0.18228467549889826 0.9643618538432692 0.8145900720147239 -1.0694410987548362 -1.385216709009168 1.5885860754223105 -1.0603248816054305 -1.8327325192038528 1.5852860991920368 1.7101535078597858 
-0.9675188249634123 1.1193056911385026 0.18228467549889826 0.9643618538432692 -1.9307962774728376 0.8688424742250067 -1.8577177778214304 -1.6009769600013963 -0.8187135829480927 -1.9218046299001763 -0.12846634041851734 -0.8875509458367712 
-0.8187135829480927 -1.9218046299001763 -0.12846634041851734 -0.8875509458367712 1.3593197360340112 -0.9447244225180293 1.354993176776405 0.8795691192332682 0.8636190130062906 -0.10113380129943383 1.0564621776272012 0.14568474947927923 
-0.8187135829480927 -1.9218046299001763 -0.12846634041851734 -0.8875509458367712 -1.8676280495787858 1.9089838951057976 -0.41850745757495034 1.251278856281865 -1.9032286461267387 1.4194380531004613 0.5031146221415961 -0.9111182574628316 
-0.09546675987130859 -1.092845807067218 -1.92855017554111 1.0942463083941498 0.28822594735426055 1.4165840602614517 1.2232471009886061 -1.9970735244120363 1.414289517216618 -0.7942108737803433 1.8308350326933702 -1.3449520981179939 
0.28822594735426055 1.4165840602614517 1.2232471009886061 -1.9970735244120363 -0.5259164929856399 0.10493329971913701 -1.9592998956154863 -0.8523165258284431 1.2931567957825307 -0.629669537029311 0.36239124224231034 0.9151962456028198 
1.1507413285406436 0.4764103821975145 -0.5603658463645647 -0.47265868192805627 0.4370591025980475 0.9333598202521576 -0.13635804111526406 -1.805493262804867 0.7206512284583391 -0.5731032381799608 0.32973219291142764 -1.5167979896832118 
0.42779463899807 0.6792516655656233 -0.0049762050011632475 1.7390313802753594 0.23704217412874762 -1.6472070410195192 0.4285198536013608 1.495207090759636 0.43918078581667475 -1.3921511388184404 -0.2697934438364946 -1.4908774072911113 
0.42779463899807 0.6792516655656233 -0.0049762050011632475 1.7390313802753594 -0.3547001516093502 -0.8782927767693036 1.5089322360229693 -0.6604766682893075 -0.8348256805425724 0.1283334184706848 -0.7594481410361054 1.401171128977658 
-0.3547001516093502 -0.8782927767693036 1.5089322360229693 -0.6604766682893075 -0.42466140941911723 -0.47396532537686786 0.734556606356962 -1.6786581356049917 1.7740330498826657 -1.7415679631534142 -0.1504719869290163 0.621389609873658 
-0.42466140941911723 -0.47396532537686786 0.734556606356962 -1.6786581356049917 -1.6703722244503725 1.5118072976698311 -0.5230288144350159 -1.7768197063284967 1.0058167334467951 1.9776579297396242 0.7074821002793281 0.7458196949227212 
-0.42466140941911723 -0.47396532537686786 0.734556606356962 -1.6786581356049917 -0.4379202262554234 -1.2522378403369334 -1.2079634610392018 0.1414631655426999 0.6378564849168304 -1.2610221529029544 -1.7707187373098097 -0.509504361592533 
-0.7178055983439107 1.5526791744435098 -0.023817241228342834 1.8346497099472487 -1.8664921568593829 -1.7716262816969195 -0.5184846747140366 -0.7167406590354957 0.3793889705039075 -0.1630618762676952 0.08263216084176328 0.42717141460870156 
-1.5035643894376283 1.8380888065886936 0.43510042596284304 1.7645181522595097 -0.6075016204795975 1.765409957151209 0.3340775062438541 1.9421216000693926 1.6895131323376682 0.4537938117119933 0.503834471919125 -0.7270140057865859 
-1.5035643894376283 1.8380888065886936 0.43510042596284304 1.7645181522595097 1.5955024395276158 0.14138972841408837 1.5068164021706387 0.6431183850863293 -1.0776666708150229 -1.3631627464251528 0.8927107616580132 0.009353004200180592 
1.5955024395276158 0.14138972841408837 1.5068164021706387 0.6431183850863293 -1.1124040649897893 1.629428132382309 -1.45014016098476 0.12664319849090377 -0.2675855990766016 -1.800786464004699 0.8166590266982849 1.3834520514685469 
-1.1124040649897893 1.629428132382309 -1.45014016098476 0.12664319849090377 1.2039657829769128 1.6216492891872138 -1.8271194964333506 -0.27495559612899356 -1.3271517482542752 -1.0839314356576528 -1.9241719998438822 1.699268297435999 
0.3742371991463824 1.88535072076527 -0.06085941064880673 0.4934549683246443 0.13434621205170316 0.9557824501524497 0.7485340616857545 -0.0975340334887922 1.405007414923677 -0.15142272579341665 1.92911884969321 0.5841529226994315 
0.3742371991463824 1.88535072076527 -0.06085941064880673 0.4934549683246443 -0.4029023989637186 -0.6667135885674771 -0.07891198144770817 0.11602234222685759 0.6399052246275225 -1.8709457849190043 -0.6845954717841178 1.2851068084746515 
-0.4029023989637186 -0.6667135885674771 -0.07891198144770817 0.11602234222685759 -0.02772347180058299 1.2528215139132342 -0.6978143181022958 0.21125195766044014 -0.8639238152866291 1.9880232152849011 0.9136555208480086 1.5017175922702726 
-1.1233622587102077 -1.026953896309689 -0.7157953286916245 -1.2362515507466938 -0.2323052604622533 -0.8034963750813855 1.8180201304966088 -0.2569328519097387 1.290706925560336 1.3857857618354523 -0.9464364938721741 -1.1748716753049844 
1.290706925560336 1.3857857618354523 -0.9464364938721741 -1.1748716753049844 0.6658555837902003 1.1201401752729252 0.1278188104151936 -0.45392436350959464 0.39132648379543955 -0.32987955206732567 -1.5356598295946187 1.986023978990393 
1.609879444199485 -1.946675748441717 -1.7224981079348343 -0.6487264895877161 -0.9064564742155268 1.468783225074802 1.9010512845933198 1.1776230761555895 -1.6799055027288352 0.8248385116909467 -0.6512711915158778 -1.1183288556037465 
-1.6594590739918917 -1.265510199091175 0.2086119828061057 0.24308418483374394 1.23055997636011 0.724538179445557 0.6912980403363207 -1.6165632868051323 -1.3776286736194479 1.613716030907686 1.1263861002732725 0.4825648879547235 
1.0145284050085408 0.3571920260562367 1.882758852381163 0.2164542414998878 0.34780016418768245 0.3557275216154663 -1.9258424814108057 -0.3586676312461994 -0.6631179124406885 1.3816352313286568 0.7883099276414125 -1.2127862280187762 
0.562906704415667 -0.5436065256009086 1.52222068701287 -0.5806380963045483 1.815808814268872 0.3429820000569692 0.5933305947759964 -0.26065541641293954 1.422843800568255 -0.8862906617793254 -0.2294017635446015 0.5087712081473241 
0.562906704415667 -0.5436065256009086 1.52222068701287 -0.5806380963045483 -0.6603470598848458 -0.12690269001867316 -1.4091797799377135 -1.6864490523952784 1.00753521470912 1.2608233855592617 -0.8042758683494942 -0.4681865174467936 
0.562906704415667 -0.5436065256009086 1.52222068701287 -0.5806380963045483 1.1111031420521624 -0.8629110079042248 -1.2458338919743555 -0.7914389426795267 0.004951120978559764 -1.9453002073334318 -1.2859859254499488 -0.3504753573754269 
-1.4850256507831405 -0.7612934399954958 0.25686254875833425 1.2864426800730304 -0.28402246132371944 -1.2965831563260308 -1.1856009798445881 -1.7805400188324105 1.4640535788961668 -1.1632321737640785 1.9030131649206328 -0.9044847745622948 
-0.5244514254053629 -1.7559446995060628 0.31384162913570623 -0.5162712165897618 -1.7193807168226551 0.12026348887596461 1.344447463331857 -0.3631087776117776 0.917127797870712 -0.734466929283204 -0.9190728920054148 -0.14161049594750796 
-0.23142612461867484 -1.5811206969805323 0.46405082060282155 1.9276424289926406 -0.30424511459995474 0.5358405889054256 0.362638326871493 -1.504665271993192 -1.8981980872822746 0.3222035340338647 -1.5850263866244791 1.3147752329165168 
-1.1571830230986162 0.9973622240647115 1.8780439933494932 -1.015887160645621 -0.6713523838155315 -1.5578995133430888 0.28345917069281823 -0.327534724643892 1.4203753181445635 0.47386358126477957 -0.3865743539708717 1.962693802340541 
-0.6713523838155315 -1.5578995133430888 0.28345917069281823 -0.327534724643892 0.7262980364086471 -0.8420106050249041 0.7910631902949525 1.6970662601257747 1.0765702534377453 1.4531862710538026 0.9117649244907082 1.2169810422289506 
0.6468916268759948 -0.2998538955661716 0.8261208406181506 1.6548512621446605 -1.779378522059715 0.007798935805219731 -1.2921163183446653 0.9201396963642967 0.5435068000172172 -1.7746480449134694 -1.8651423816908057 0.017084001271006954 
0.5435068000172172 -1.7746480449134694 -1.8651423816908057 0.017084001271006954 -1.1390579205144644 1.2073102305324763 1.8330274428450788 0.6132221921221044 1.1134506671126854 0.1615328625888206 -0.7437428662661509 0.8610450029001484 
-1.1390579205144644 1.2073102305324763 1.8330274428450788 0.6132221921221044 0.12020711281956897 1.6725275749752089 1.0895333407156316 -0.13904821799774902 -1.91487258491986 0.18379718435496617 -0.6429074406130582 0.20459868686574278 
-1.1390579205144644 1.2073102305324763 1.8330274428450788 0.6132221921221044 -1.1586014508746483 -1.4155271973288985 0.6496088368801769 -0.45230836377453665 0.6977966244089906 -0.21521559201833673 1.3290411992499203 -1.589135744288026 
-1.1390579205144644 1.2073102305324763 1.8330274428450788 0.6132221921221044 -0.8519761209872558 1.0938798206346818 0.41569810535666996 -1.748066765857783 -0.6147593482110874 0.2537717371467534 1.5119281631193284 -0.6719754857923337 
-0.8519761209872558 1.0938798206346818 0.41569810535666996 -1.748066765857783 -0.7160812836116466 1.649455150784204 0.4581680178874503 0.19310138716407454 1.809490022276159 1.734723809889851 -1.3573751633004476 -0.20242741547519527 
1.6247649755863272 1.2721523699372437 0.07946314275223765 0.3157180055258273 0.7100904470101637 -0.45795988619916494 -0.02074528109753393 -0.29170565473335186 1.4827785729032223 1.9756906429865975 -1.0668901128092534 0.8934678893065109 
1.5629062582089124 -1.0002492450902754 -0.09223262109722619 1.2572062321074826 0.09299638357685858 -0.7328413466175694 -0.3048772906047015 1.7133262836948293 0.7353275593335353 0.08372351730844718 0.3125027015075399 -0.5504074615445815 
1.5629062582089124 -1.0002492450902754 -0.09223262109722619 1.2572062321074826 -0.03698384014259393 -0.09945949727427283 1.3025810759857634 -0.3570132708166853 -1.6591541442889448 -0.5404510447375621 -0.11155477945901104 0.03401203559551602 
1.5167145861428937 1.2660530328016497 -1.1085398870568137 0.6316664209985778 0.47977369570948536 -0.18761600158747838 0.34926211956901154 -1.7653455050033426 0.8027112747016418 0.4695986475540743 1.3557894863267337 0.5292380521669333 
0.4200429804708019 1.7673347347344182 -1.2241352872615932 0.31817379016685043 0.6976775069267798 -0.19685029979819735 1.6779669454893402 1.333475993214504 -0.03658002637067881 1.285753169820536 -1.435527554651347 0.28028757091029455 
-0.03658002637067881 1.285753169820536 -1.435527554651347 0.28028757091029455 -0.5050421480384788 0.009305961388692108 0.23171618345597444 -1.1873875426234974 1.8208153210237157 -0.13083776121860025 1.5701965929314854 -1.1387596517381526 
0.3350268648075878 0.1863027175547871 -0.7990497023832246 -1.9721284178649543 0.3386982160607732 1.7201631255259269 0.46661296925034357 -0.8201253712980368 1.4380969347788208 -1.1340783118592404 -1.5340063193959126 -1.097807615523867 
-1.2221331647044495 1.1550728034394533 0.009350501381504284 -1.5296938012882002 -0.5913678195949608 -1.0520297571751769 0.6357731301059784 1.2358275407846677 -1.6994461632043345 1.2050286570724271 -1.3149086536248933 1.0368522746691267 
-0.5913678195949608 -1.0520297571751769 0.6357731301059784 1.2358275407846677 0.38234338171008364 -0.7457053921333725 -0.5096499615107826 -0.08535463599253479 1.3955210653606063 1.5275477165293432 0.32297446874644153 -1.9625599541228813 
1.3955210653606063 1.5275477165293432 0.32297446874644153 -1.9625599541228813 1.9189420598898708 1.4691711787905555 -0.10311088891675402 -0.16170616502461765 -0.699589066841686 -1.9847759184379181 -1.7241768791795908 -0.6631937817078488 
1.3955210653606063 1.5275477165293432 0.32297446874644153 -1.9625599541228813 -1.7476844393573598 1.8526993696957805 0.278939442601839 -1.1124321891632993 1.0976659123507262 -1.1808354851678589 1.0482537636505627 -1.0755695443016737 
1.3955210653606063 1.5275477165293432 0.32297446874644153 -1.9625599541228813 1.4258750862988419 0.8690874701220763 -0.4587773765195644 0.40283318261929146 -1.7281074292205467 1.0633014367033278 -1.0675081797258494 -1.6922336313679232 
0.3628859161464497 0.273703326040851 0.4425780004499833 -1.7721746253613584 1.6498696186000328 0.6081552156146799 -1.6400320796659735 1.7146610434687246 -0.8639676629359285 -0.1636414348023969 -1.1272274898835577 -0.33922448218218904 
1.3431935897634615 1.8586701495590487 -0.6381505534954002 0.062159232668407505 1.467960943603805 -1.8869285387229962 -0.173598123441967 0.34013922275950437 1.024982763651754 -1.4444626981126616 0.6892193190104097 -1.8062121911208497 
-1.0873451847321673 1.127740419985825 -0.6294098852832484 1.3956921102435205 0.581259891821682 -1.0694120489985792 0.3084970286132309 0.23821953667439422 0.03740845626520084 1.4075729126614367 0.21328547482045934 -1.5325136510690327 
-1.0873451847321673 1.127740419985825 -0.6294098852832484 1.3956921102435205 -0.6099251383444466 0.8421849893359661 0.5401230509017148 1.269219695892883 -1.8298952182373238 -1.1272429727692432 -1.8680412958586907 -0.8501787231081961 
-0.6099251383444466 0.8421849893359661 0.5401230509017148 1.269219695892883 -1.725785678638363 -0.9075286561546223 1.0748021476117056 1.1862415508150028 1.786686031286206 -1.35991509555913 -0.32931927861803745 1.8617447543602959 
0.7498196650506284 1.2853933452113417 0.8387517115442793 -0.4591358878100209 -1.5067532745148422 1.0739486944474521 1.5339018923503036 0.5320458699383379 -0.6407391927158397 -0.5002675604306908 0.9953884379230868 1.635047950536665 
-0.6407391927158397 -0.5002675604306908 0.9953884379230868 1.635047950536665 -1.0415991607680786 -1.8569245299942998 -1.0513550526465836 -0.5814565799338762 1.4401344484377159 -1.9980569839208533 0.433631975054503 -0.8927719775233265 
-0.00833150588116549 -0.2309837387274447 -0.8993551516998455 1.4275189833596742 0.1754043197730013 -1.3652694640112668 -0.04190722329874985 1.3210558676057742 0.14185385612849322 0.9967583636105837 -1.2372672366389992 -0.3119965666194555 
0.14185385612849322 0.9967583636105837 -1.2372672366389992 -0.3119965666194555 0.41851242991947135 -1.6984286575302479 -1.4903411521743668 0.10123661722166943 -1.3544045189987375 -1.1779242526816778 1.9601570777166937 0.09076308985962678 
-1.3544045189987375 -1.1779242526816778 1.9601570777166937 0.09076308985962678 -1.2112111454930279 -1.961790661451214 1.2503813023590973 -1.0143167615024038 0.016145574192293122 -1.4705211649148096 1.6153630492739928 0.6794379236906334 
-1.3544045189987375 -1.1779242526816778 1.9601570777166937 0.09076308985962678 0.06340053407179136 1.9723442601013241 -1.4470666268317394 1.2136907791870337 -1.7938120151236263 -1.9558425542170847 -1.7064542769753306 0.6145666614440497 
-1.3544045189987375 -1.1779242526816778 1.9601570777166937 0.09076308985962678 -1.1210744351911792 1.099307305216895 -0.24637415014719943 0.10271057126159722 1.830084386993112 0.6504216502770177 1.0316623136944942 -1.6555435314288482 
-1.3544045189987375 -1.1779242526816778 1.9601570777166937 0.09076308985962678 -0.8192618021694877 0.7978254076328204 -0.3455906771333961 0.7833617390039396 1.8456761870618759 -0.19873037471325272 -1.183214257309002 1.425400376230121 
-0.8192618021694877 0.7978254076328204 -0.3455906771333961 0.7833617390039396 -0.9710301210462751 1.3975278357296559 -1.3278243135392311 0.6430577020984769 1.9999749153979773 -0.1978138344990863 0.5907383793321079 -1.4387584423095268 
-0.8192618021694877 0.7978254076328204 -0.3455906771333961 0.7833617390039396 -0.09964964135231869 0.4433343050624745 -0.04078691139513335 0.06144902673104857 -1.7134779505376225 1.0214478629007813 0.30754259110229576 -0.8865163740657365 
-0.09964964135231869 0.4433343050624745 -0.04078691139513335 0.06144902673104857 0.9991321225446463 -1.3535508320138336 -1.0197554612835558 1.9779051552948208 -1.5776268476578927 -1.1074014859873835 0.3325113633918151 -1.8106571752953502 
-1.5776268476578927 -1.1074014859873835 0.3325113633918151 -1.8106571752953502 -0.8316428736295336 -0.7454088101574339 1.6576725624393407 1.843333165267127 -0.7251340139947211 -0.7760688056775726 0.061920343093679 -1.9290040438142118 
-1.5776268476578927 -1.1074014859873835 0.3325113633918151 -1.8106571752953502 -0.49070820153176165 1.638786137158128 0.46231073750264784 -0.3363459673397813 0.8463861286287 -0.08126362970789991 0.25655953606198834 -1.5509825615217676 
-0.49070820153176165 1.638786137158128 0.46231073750264784 -0.3363459673397813 0.8126661889910665 -0.3486043675811623 0.19078971979986292 -1.6802333853345481 -1.0635661216380354 0.5895871893050977 0.10078929698435113 0.9379784931748678 
0.9690439137259315 -0.4708635943142876 -0.9508877374102189 0.5899942741673332 -0.5766367025426709 -1.801381122261045 -0.31497566044609604 -1.3758961375678767 1.8207579611955929 -1.6241299935925557 0.6468777724844452 -0.2523555226484304 
-0.5766367025426709 -1.801381122261045 -0.31497566044609604 -1.3758961375678767 -0.19914789507286068 -1.926351730881533 -0.5171715883802355 1.8804897903213273 -1.5435638029166059 1.3714528229593803 -0.4963116276626174 1.9536047204184692 
-0.4478186703345526 0.18927711124441782 -0.8419642619417491 1.2070457695169048 0.5056108457719968 -1.4963837342145427 -1.2671903783620335 -0.828666285585884 -1.2752173099734638 -1.6725416978820062 -0.8851022489600555 1.991268484866978 
-1.766181024886353 0.9071128446282315 -1.5297249822872834 1.2680787598546428 0.9417960799574221 0.34653661540661673 -0.7555110866112589 0.3886974036208528 -1.9863384802115158 -1.7765110067133612 0.9201511854675197 0.3594200560414422 
-0.2839191543677577 -0.2807693610043902 1.3754366306342254 -0.016772396262189737 -0.05728213117573189 0.7480098594443252 -1.8840635016285838 1.0710904659285059 0.19497153589478255 0.4082586994722779 0.17205936345608563 -0.08253786687848974 
-0.05728213117573189 0.7480098594443252 -1.8840635016285838 1.0710904659285059 1.0849662926148858 -1.1295682936212685 0.3192534665376434 -1.9295287071595841 -1.719635156982911 0.04673196382364697 -1.5772408306047714 1.1684722804713696 
-1.719635156982911 0.04673196382364697 -1.5772408306047714 1.1684722804713696 -0.10943870842649828 1.9658476335748545 0.8105542609067866 -1.8617868451827344 -1.373719553867653 -0.4342149981099275 0.39448790610514317 -0.4702244648895557 
-0.13041401733558367 -0.6386258672293885 1.609816837922922 -1.6944223706832648 1.6649513644370262 0.004779372318069797 -1.64462018760763 -0.5696085849007062 0.46805695276416026 -0.46771972549946916 1.3073068968625061 0.2773189346657321 
1.6649513644370262 0.004779372318069797 -1.64462018760763 -0.5696085849007062 -1.9032310825705734 -0.40418414048029616 -1.421491859393563 -0.6692927672836162 -0.9388393353785043 -1.878224431292363 1.7406016563189728 -1.2374295600809315 
0.01087710350102622 -1.9547528545952808 0.9142827174964543 -0.19879738715713158 -1.4187758404807012 1.2315635430967355 -1.1019917671860187 1.9749233311474828 0.280787578555616 0.8718682679440888 -1.3197915233681248 -0.4527731342102288 
-0.675968183495733 -1.0264873832539894 1.0608684481501887 -1.6882929769395023 -0.9917238707004006 -0.9852989506565915 1.534872964900142 -0.005821996719177491 -0.5244998755188757 -1.5540494128841353 -1.3981909461273965 -1.4561070328126657 
1.409897922235324 -1.385225014954076 0.7088052255533364 -1.583245123196519 -1.9865879829431647 -0.020142263692467743 -0.04294315207709909 1.197471952115825 -1.0079872032051194 -0.7412312906082263 -1.7034592370492363 -0.26432578321184996 
-1.9865879829431647 -0.020142263692467743 -0.04294315207709909 1.197471952115825 0.19810474126334743 1.7759821462018692 0.9701075594786879 0.6200910193466758 -0.34326254531803935 -1.9094521475419919 0.6487306521960514 0.722642488542955 
-1.9865879829431647 -0.020142263692467743 -0.04294315207709909 1.197471952115825 -1.9970648070755601 -0.18117675964870283 0.9399840392013572 -0.43979003709502873 0.7603238226255047 -0.5984952754975645 0.7341943355820231 -1.1196503872977948 
1.402605182671972 1.72560920625248 -1.428220788644996 -0.40660959043677813 0.5887740674054482 0.5384913302217202 0.3264828078027575 0.8378844970506711 0.02368217746673773 -1.256285830624781 -0.7632760175755844 0.2848600350287236 
1.402605182671972 1.72560920625248 -1.428220788644996 -0.40660959043677813 0.548609469232316 -1.421961598156329 -0.7994827022926452 -1.213571978715 -1.1415699630285592 1.742661400999527 1.0320054686834257 -0.7864639268096867 
1.402605182671972 1.72560920625248 -1.428220788644996 -0.40660959043677813 0.1264555384761712 -1.1885383309531785 1.6131399320064026 -1.9591835343574355 0.44623668195127175 -1.2900814341691942 -1.7074018782435987 -0.717440472214995 
1.1388986301148658 1.8124647670652143 1.8028220347633206 -1.8580006054603122 -0.04639242756668205 -1.56191517790046 0.7924395248576142 -1.2771078986710416 -1.3148208944431836 0.5918732583890178 -0.9138377504467421 0.21684632064569476 
1.1388986301148658 1.8124647670652143 1.8028220347633206 -1.8580006054603122 -0.4743143072221483 1.4382656826265947 -0.6507640396591623 -0.3947992266128777 -1.8563247280042066 -0.43944516499731856 0.0143762703961543 0.41090930828784566 
0.7715273679319252 -0.8950864632142634 -0.6922186662409788 -1.7883494795540549 0.4848776069745071 -0.7060894581110824 0.6013992198340832 0.2141523558363998 1.6639419443523602 -0.5362973414269323 -0.22532104704649836 0.5282968660313325 
-0.33174699282857345 1.7249316904857057 1.5729049899757772 0.665779031991836 0.943496895685703 -1.715753064055869 -1.6400129372228878 -0.501825623987679 0.009681957049004541 -0.7188571761831741 -0.7799492073092797 -0.9649321191216065 
0.009681957049004541 -0.7188571761831741 -0.7799492073092797 -0.9649321191216065 -1.2690141519438582 -0.10181894206285325 0.8875513346213926 1.3748370995860695 -1.3730357917097251 1.5466528777269266 -1.5015396659028233 -0.9128244633732656 
-1.3730357917097251 1.5466528777269266 -1.5015396659028233 -0.9128244633732656 0.51052423327108 -1.5332837117202596 1.7842461565056142 0.9417206793831325 1.4952158235661708 1.496197659620857 0.46664662449016303 -1.4552577816706331 
0.19694386875280534 -0.055734547829628056 -0.5479454901088241 -1.3460089833905373 -0.9636255913673288 1.3622506138843815 0.7051683222404499 1.985692369543218 0.4931154431755491 -0.14101793139456786 -0.13712186945537308 0.15166515229662014 
-0.9636255913673288 1.3622506138843815 0.7051683222404499 1.985692369543218 -0.7811588430297682 -0.8087593762446641 1.2186562584003529 1.9966519060349461 -0.8525584416951091 -1.6518645719992318 1.8546417156278148 1.4426608870607338 
-0.9636255913673288 1.3622506138843815 0.7051683222404499 1.985692369543218 -1.4572581246442504 0.797998620647701 1.7011998399157426 -1.92214152738315 0.23787746603567905 -0.14052410302578044 -0.7170634928321733 -1.3864544341896279 
-0.9636255913673288 1.3622506138843815 0.7051683222404499 1.985692369543218 1.5659625875474292 -1.8273518267769369 0.021935707230937407 -1.2281217370494089 1.3374976897744881 -1.4568961792414452 0.1942440170820645 1.6675334314582022 
-0.905168186644282 -0.8554830513214244 0.4290134558546024 1.335931390723093 0.6729474313231201 -1.4131932970922154 0.6235007348864654 -0.5528182484764481 0.1745337520982222 -1.4879682937277763 -1.4176129011059362 -0.9831505808602556 
-0.13932471654281997 0.6522930424699722 -0.0032919065962393468 0.6317325997530281 0.550757194010886 1.2848064942842767 -1.1813021945276563 0.13473527739183577 1.1531366099471096 -1.4472400158340726 -1.2520235512751854 1.6970629732861338 
0.550757194010886 1.2848064942842767 -1.1813021945276563 0.13473527739183577 1.7322153579635469 0.5223086212013635 1.972176312254967 -1.7612520789533677 -0.6432721884333565 1.1576251158440636 0.47730852029151816 1.9860142490394623 
-0.6432721884333565 1.1576251158440636 0.47730852029151816 1.9860142490394623 0.34990555045742866 -1.7435749858749725 0.8044868935199094 -0.27796187699934816 -0.41315094823717935 -0.5529423437713845 -1.8686882802131626 0.23006013651677293 
-0.6432721884333565 1.1576251158440636 0.47730852029151816 1.9860142490394623 -1.5592459343620693 0.13917195274628336 0.1280033302584167 1.2111038274833588 -0.07621443216941248 0.8495075041283631 -1.176863357238179 1.887392916081024 
-1.5592459343620693 0.13917195274628336 0.1280033302584167 1.2111038274833588 -1.8510154414107256 -1.7917395587577243 -0.19204895437277925 0.4560945065232751 -1.5293910950459946 0.23138318908755107 0.7389684036964783 1.6827781027106665 
1.2907930399255196 1.7806246890998754 -0.8081592557020709 -0.18166861822792857 0.3975864998447163 -0.7923837296565712 1.050223957103511 1.713679761379078 -0.43010752631433036 0.6591877674257796 -1.429943584360578 -1.4860873249306148 
-0.43010752631433036 0.6591877674257796 -1.429943584360578 -1.4860873249306148 1.9666678561751252 -1.032085505615 0.5808005879667375 0.8108845294651661 0.8619016198048284 -0.2487364144571549 0.40664834917341564 -0.0021198469557490718 
0.650211844555586 1.1704134534676514 -0.03020444171314729 1.4374141437810954 -1.1908558744694906 -0.08861424478607294 1.0964661745327513 0.07708936123841159 -0.9738441242235694 -0.7967591111722729 -0.08441569729125264 -0.9721327288688695 
-1.1908558744694906 -0.08861424478607294 1.0964661745327513 0.07708936123841159 1.053385616127588 -0.4352870432155078 -0.8976296651056979 -0.7985157947975661 -0.16851712496661486 1.10409163517141 1.355092379972067 1.0372270101780354 
-1.1908558744694906 -0.08861424478607294 1.0964661745327513 0.07708936123841159 1.5615170913836618 0.6343605308533928 -1.886634327725984 -1.309758976164407 1.0425557246571566 0.9667577269841954 -1.0353297908291137 -1.3131816698351981 
1.3997727887291993 -1.707766035105542 1.2541567898361885 -1.8275188787862966 -1.859602486076501 -0.15180385048686995 0.41896949036574904 1.3543202358998219 1.8232082749242564 0.1975454683386384 -0.46417241263957454 1.453050678392675 
-1.5775393443911074 0.8430990293418761 1.2591464164410797 1.5657129528678886 -0.45222794196661553 -1.2906381654790327 0.37389506364924774 0.24752171923361033 1.528477545945306 1.0684852055602518 1.8809537374246688 1.4472379881833342 
1.4634292162469569 1.7425539787093896 -1.7553374067524379 1.5030089665424455 1.7736154266391049 -0.41288715416433464 1.3831976413655056 -0.9679841735935137 0.42345674588885185 -1.8726398515011962 -1.6554885437820492 -0.18600489925545105 
1.4634292162469569 1.7425539787093896 -1.7553374067524379 1.5030089665424455 -0.06772549335166689 -1.638517083673424 0.971177140655691 -1.3813021804096937 0.5612218080815237 1.8317107099042427 0.11816645105587664 0.6352061255971959 
-0.06772549335166689 -1.638517083673424 0.971177140655691 -1.3813021804096937 -0.3707531947595828 -0.1919706867147215 1.5623716408625858 -1.4396640003896453 -0.3295596347474028 -0.19803278409328007 -1.0383711570532403 -0.6289446623999773 
-0.3707531947595828 -0.1919706867147215 1.5623716408625858 -1.4396640003896453 0.774363605192685 -0.3633450950787185 -0.8732602620107071 -0.2891882946686355 1.6539931946284354 -1.464124063649884 0.849963714997231 -1.303405120131603 
0.774363605192685 -0.3633450950787185 -0.8732602620107071 -0.2891882946686355 1.1158597141405844 1.5803888988997619 1.546300844186539 -1.4979574850961734 0.6151714621269129 -1.111029452937803 -0.825175871223693 -0.916228372033296 
0.1719647575125154 -0.11317623325786164 1.3954539794902678 0.09482933844752095 -0.7585627419484071 1.0982320840619821 -1.6570714122749783 -0.7295797008136309 -0.8307111286462785 0.49212608321755136 0.26649498028410123 0.48026078001872463 
0.1719647575125154 -0.11317623325786164 1.3954539794902678 0.09482933844752095 -1.7691374278802474 0.04936189950346703 0.7545515811007908 -1.1203781757704485 1.598039902777606 0.16853123727099817 0.8307358667552913 -0.683272282779471 
0.1719647575125154 -0.11317623325786164 1.3954539794902678 0.09482933844752095 1.7230788805088082 -1.6456492395396443 -0.4565333291842508 1.190148825668886 0.9526291561835127 1.6935392187921523 0.17378399242912224 -1.4769497660297657 
0.9526291561835127 1.6935392187921523 0.17378399242912224 -1.4769497660297657 0.8428889502107468 -1.8511497731821 1.955769139372873 -0.09318669878798058 -1.8140477987131494 -1.4675159673230112 -1.8864922689224555 1.7457924691125348 
1.3085556912404535 1.1574638855010937 -0.7652185561212663 0.40351745559927066 -1.2663297042029087 0.19510023138698562 -0.23559003413186508 -0.4154067198748592 1.9028558720197077 -1.35784208486215 -0.6336523495846937 0.4201522733251668 
0.932591131848806 1.7929383863642196 0.4338779686955827 -0.7021853148777124 1.7105103430945041 -1.7193365130449396 0.8019117779131308 1.2800369486874157 -0.6343053226376201 -0.5740070935808332 -1.2006398456241518 0.18942527628137107 
-0.6343053226376201 -0.5740070935808332 -1.2006398456241518 0.18942527628137107 0.25518182658907174 0.8976957797271887 -0.19824222113241063 -1.940781438034263 1.1509945542875704 1.148080293128833 -1.3763476865946571 0.8818642131584573 
-0.6343053226376201 -0.5740070935808332 -1.2006398456241518 0.18942527628137107 -1.3444091385779537 -1.8827420564348345 -0.11792677196880774 0.12246201086193542 -1.5171176152835204 0.2975738485322328 -0.16775853291730325 -1.279942499906082 
-1.3444091385779537 -1.8827420564348345 -0.11792677196880774 0.12246201086193542 -1.9625086697448682 1.400983077120872 0.561838119377879 -0.081159935487225 0.42580727322189915 0.998513420166991 0.3376468494730367 0.19737314631333458 
-1.947810417293256 1.0556299761708838 1.104144391723895 -1.406535590360944 -0.7877157578989236 -0.40547425972559115 0.45860953203684574 0.12869511613160478 -0.06169995374264481 -0.3653802546875582 0.7073297791583699 -1.047098369703058 
0.8091050524568715 -1.5255599592825875 0.2500968996153743 -0.04881681660349413 -1.0235824405037182 -1.6142390778658786 0.5760197309597501 0.6486992477062588 -0.05783405716143841 -0.9369696132398606 -1.8841782408305474 -1.5139355004016095 
-0.05783405716143841 -0.9369696132398606 -1.8841782408305474 -1.5139355004016095 0.18991950787837064 1.6338730677005504 -1.7722845723248177 -1.370804967104891 0.16401118076037324 -1.3907050622277355 -1.119430934954067 0.3160260131538486 
-0.43963393278510443 1.7174110756144882 1.7460479073473083 1.434071894545557 1.588481938809938 -0.05053407727011905 1.6981083867259295 0.20999026843749302 -1.324893430366517 1.4222954957547262 -1.3123476219003667 -0.9078168950570591 
-0.43963393278510443 1.7174110756144882 1.7460479073473083 1.434071894545557 -1.4185412057895146 0.061458206127300574 1.15088977123914 1.4065005859243898 -1.316735805139038 -1.13832425082812 -1.9428283277525797 0.32519242213814925 
-1.4185412057895146 0.061458206127300574 1.15088977123914 1.4065005859243898 -1.7144035716735435 1.4628740082065579 -1.595066405510635 -0.4364241454891622 -1.5265366172924675 1.4523694160586 1.0306073628285346 0.6692918184181429 
-1.4185412057895146 0.061458206127300574 1.15088977123914 1.4065005859243898 -1.9055791905654975 1.2470233007802904 1.9218845098538115 -1.075721220185652 -0.0400717803321875 1.1733781597916493 -0.554130414085586 -1.5858704634982392 
0.44509949155472217 -1.2138533456711809 -1.9920910524487212 1.3958849427367106 -1.6992419659840579 -1.3098216078234581 1.2390564142099763 -0.11789477081489341 1.6410823434557598 -0.6973366836861339 -0.9773834366752219 -0.4351809406244702 
-1.6992419659840579 -1.3098216078234581 1.2390564142099763 -0.11789477081489341 -1.9845313202680388 1.4436563970532639 1.9249206537189556 -1.367925148920257 -1.2694398225325632 -0.26977475326936906 -1.1177809110482273 -0.3948622452222219 
-1.9845313202680388 1.4436563970532639 1.9249206537189556 -1.367925148920257 -0.5450982294739593 -1.1941984147265545 -0.8042659706639994 -0.8363750345560281 1.0300023954819015 -1.0445087269990494 1.5251262591195234 0.8166912065420449 
1.0300023954819015 -1.0445087269990494 1.5251262591195234 0.8166912065420449 -0.3717019230903196 1.5146070677884995 0.6631803473140194 -1.4830234399660145 -1.2488662613208574 -1.5630752254090154 -1.3994150019274523 1.442427527550485 
1.0208131128374358 1.4681907968159549 -0.49144151266535996 -1.3137887878720407 -1.5611233996140252 -0.21081642069641537 -0.6849190843277966 -1.227990365324151 -1.5534667683630818 1.1981739907394213 1.187605248924379 0.044128855740476425 
0.023812960051079024 -1.9834656376153021 -1.0127464232705576 0.28186818555816906 0.045930966741718926 1.2406274113164302 1.1824300499430462 -0.5770578027629281 1.309719178385932 -0.40227665570929405 -0.38403873093397145 -0.8653501163567463 
0.045930966741718926 1.2406274113164302 1.1824300499430462 -0.5770578027629281 -0.8926789167436939 -0.6294746958943742 1.2749102498097349 1.679187649082575 -1.5273117395660605 -0.7653808232485662 -1.2508714712279128 1.6231020303342647 
-0.8926789167436939 -0.6294746958943742 1.2749102498097349 1.679187649082575 1.281560231900726 1.5551662082772948 0.07529735591967768 -0.6254083501931209 0.687160001066276 -1.380262172826908 1.9199348752523493 1.608216522534339 
-0.4615375641995376 1.8388797333497102 0.3463841117813029 -1.357514841727935 -0.17278885441098746 1.999567170733024 -0.47632423458559536 0.7269572358516054 -0.15100510644696596 -0.7353041096927875 -1.6407139434798736 1.5001022160486208 
-1.6392163235162411 -1.0337920934304567 0.04496742368871676 -0.7044689053657631 -1.9149285708001527 -0.8604892104527742 -1.6771885641848296 -1.6721588899986979 -0.629067398414886 0.19230812794260554 -0.4371869936137709 -1.2810284780901813 
0.6343652909396287 1.2325938710395992 0.1060826917157156 1.674765786112725 0.403781009240602 0.9851788478010337 1.9715922935121681 -1.5500236524536097 0.9559220093294734 1.178976924941887 1.8193959366708774 0.5270395201592892 
0.9559220093294734 1.178976924941887 1.8193959366708774 0.5270395201592892 -0.3068916134770223 -0.005602570829772446 0.09248733335288062 0.15394033406681462 0.8668169738730929 -0.022463141347561777 -1.8219383982599502 0.6931628857923484 
-0.3068916134770223 -0.005602570829772446 0.09248733335288062 0.15394033406681462 -0.6047510307110961 -0.8050241886511009 1.233117165458128 1.1207291620035629 -1.4416889498421708 1.4612873912624007 1.7441288510937194 0.014934077398060186 
-1.4416889498421708 1.4612873912624007 1.7441288510937194 0.014934077398060186 -0.7820197136978413 1.5184286716955255 1.4798321101284206 0.41613840613439335 -0.5963102053068403 -1.8812733535264061 0.8987660375797062 -1.807393790333216 
-1.4416889498421708 1.4612873912624007 1.7441288510937194 0.014934077398060186 0.4120636458107114 -1.6238595039600092 -1.2730128237977163 0.21467455756043696 -0.26925165848552446 -1.9737497742131627 1.8605664898766814 -1.4541215379294443 
1.4793601118278281 -1.256415319152155 -1.3074797385663453 -1.4745705116272405 -0.1964596916303596 0.2663995271557398 -0.46488220276169034 1.7811415296829196 -1.993164859140372 -1.9795499094099611 -1.7199795623763174 -1.461782761973975 
-1.993164859140372 -1.9795499094099611 -1.7199795623763174 -1.461782761973975 -0.9827684436539199 1.7305152297471484 1.5589159555917695 1.879332147945346 -1.769961414069102 -1.5329792185042246 -0.3852086051160346 1.4845907827988136 
-0.9827684436539199 1.7305152297471484 1.5589159555917695 1.879332147945346 -1.9999173665603993 -0.06958990995312409 -0.9085591021959782 -1.696080649961862 -1.2858533427570915 1.9624744093568682 0.3369388080311877 -0.5768915490593298 
-1.9999173665603993 -0.06958990995312409 -0.9085591021959782 -1.696080649961862 1.8805166344122637 -1.8332837337973693 -1.5963695590589846 -0.41919403064861793 -0.7509324992278001 0.20692255005668647 -0.883795985341616 -0.4333784630360933 
-0.7509324992278001 0.20692255005668647 -0.883795985341616 -0.4333784630360933 -1.187067445520051 -1.1306719062383346 1.955214993030863 -0.5128653879428064 -0.4520329164442769 -1.2053392766936657 -0.78203291531034 0.3547813788887586 
-1.187067445520051 -1.1306719062383346 1.955214993030863 -0.5128653879428064 -0.02812524046932463 0.49531928932022584 -1.41992931994601 -1.7981463707976673 -1.2644465393943145 0.42700463867129645 0.12762010710489413 1.5682046489094876 
-1.798775474479264 0.37461616811697995 -0.008924039666748929 1.7368348151075153 1.8373287238766416 0.9957025426259323 -0.2468605070403065 0.1893452627479273 -1.7884209618050506 -0.00921051914979154 -0.5246446416938224 0.5540733557460547 
1.8373287238766416 0.9957025426259323 -0.2468605070403065 0.1893452627479273 -0.7280396663558895 0.7817930809546376 -1.2827345156291665 0.21739142960229563 1.2358667309741738 0.3706857565471604 -1.578614516982853 1.5573064513061143 
1.2358667309741738 0.3706857565471604 -1.578614516982853 1.5573064513061143 -1.9237480760052414 1.7340656963621717 1.7718795975591277 -1.781351662886356 0.86410813950594 -0.2782425059163929 -0.7247163870616062 -1.9568653785844767 
0.6544213358706883 -1.6232136666559587 0.10943673780867424 -0.9818990523049225 1.003431082360803 0.5274798344313267 -1.5619602099037313 1.8197654045364628 1.2564029235578063 1.1026873859951802 1.9712611148375774 -0.21554915560824917 
0.6544213358706883 -1.6232136666559587 0.10943673780867424 -0.9818990523049225 1.3041449859149616 0.6765894477044552 0.3973271262002962 -0.4111400380463004 1.6007340441798932 1.7801205776076987 -1.8874096227473594 0.4872728558409065 
0.3310620443350474 0.6495465891839012 0.09609964562966766 0.2586874061545994 1.0230936243552429 -0.5635379428289942 1.126265417451767 0.21991665974045915 -1.7145287346816032 1.588609703191667 0.3114675338012849 1.1830632946868453 
1.0230936243552429 -0.5635379428289942 1.126265417451767 0.21991665974045915 1.532412903172204 -0.7392292974019674 -1.0219977819903967 -1.2078165118984927 -1.8900173262119027 -0.5463241651038979 -1.5672613967774525 1.52997852325935 
0.8561760942620924 -1.715842456394078 -1.4693593985687192 -0.13952004084548753 -0.10279191649995978 0.4766585979778073 0.7761693201936839 -0.5886649985768186 -0.5219323403711447 1.3935983783750197 0.07321829678501146 -0.7821551196375309 
-0.5219323403711447 1.3935983783750197 0.07321829678501146 -0.7821551196375309 -1.8118807392971652 -1.0860074701177531 0.25628158578552007 1.9257950721841381 -0.20356346508082312 -1.1136813392327771 1.873035226367493 -0.22236429498618637 
-0.20356346508082312 -1.1136813392327771 1.873035226367493 -0.22236429498618637 0.8775554676487674 1.9106846105070376 -0.2680757166348644 -0.8575738100256971 -0.7831478160688188 0.5786218715282727 -1.6906142246040319 -0.6199541932657633 
-1.5756469046428472 -0.2173684943255103 -1.3436382081043718 -1.8999785572055394 -0.5876787149294795 0.28342651188383483 -1.5094821851174536 -1.0061141413668135 -0.19312648024773305 0.21975837654630936 -0.09312339569632755 -1.9876944023441072 
1.9052851185909834 1.387637172808581 -0.12181583842398913 -1.803181950866891 0.8968759570212557 -0.16141220684293778 1.4855690710041816 1.1468856376616383 -0.2450715064527711 -1.1900021028358445 -1.9543905895982423 1.4945300214765176 
-0.14027967965914812 0.8434208894246962 -1.7490369767743563 1.2549905324805706 -0.6226720817849545 0.7118847935244177 1.4118222453479885 1.5793499213482747 1.4963160596602254 -0.41852354318783647 -1.975839491194245 0.99332227527771 
-0.14027967965914812 0.8434208894246962 -1.7490369767743563 1.2549905324805706 1.1534866799482852 0.3442878255694626 -0.19684895112608203 0.3484759199329095 -1.2487273921868356 0.6366167205556041 1.8570497842400235 0.7055372466956036 
-1.586492860361301 0.9391360037249603 1.5775178434685202 1.408019909116521 -0.087918103421043 -0.6393699202575513 0.2654314507867874 0.21686780281567453 -1.9019650180725467 0.5262740841404154 -1.3469963384839083 -0.7494166897091388 
-1.586492860361301 0.9391360037249603 1.5775178434685202 1.408019909116521 1.5454729493572974 0.077693562187652 1.5867294723070895 -0.3273302819600712 -1.5340361579714727 1.8726275449425471 0.9684335639914559 -0.39907769996496123 
-1.5340361579714727 1.8726275449425471 0.9684335639914559 -0.39907769996496123 -0.5482638704357536 1.6576452512852167 0.36571970719553626 -0.28219807636003846 0.043994736811615365 1.9574424739385377 -0.9895067528005153 -1.6528940832003207 
-1.7036536575995513 -1.249093203711095 -1.5662088973792336 -1.6657417810354649 -1.1199803530998818 1.5376740799946353 0.8273159566392931 -1.2362580818661897 -0.5039192742567877 -0.26499249198063257 -1.7324388768205017 -1.7822845687258053 
-0.5039192742567877 -0.26499249198063257 -1.7324388768205017 -1.7822845687258053 0.024033124884564216 1.6056630407086634 0.6471642818972234 0.4413162485709292 0.23405380759673866 0.39952178762257917 0.11244334348647955 1.2550760416152942 
0.23405380759673866 0.39952178762257917 0.11244334348647955 1.2550760416152942 -1.0611206220903138 -1.6315761344577746 1.7940243035088845 -1.2821882592125773 -1.5608790475511296 -1.743235044812267 -0.0013455472930870016 1.170450412284636 
-1.0611206220903138 -1.6315761344577746 1.7940243035088845 -1.2821882592125773 -0.25812316646574684 -0.4232956816666378 1.5464614967339192 0.5679989908278986 0.30780918121037226 1.3310243377584454 0.8465140671658928 1.9892760161465821 
0.30780918121037226 1.3310243377584454 0.8465140671658928 1.9892760161465821 -0.9913595201019731 -0.48542793828529884 -1.418468778304732 1.0076113636159238 0.059446752070898334 1.9342261990069938 -1.7736072276260488 1.2646232140251423 
0.5004275373072264 -0.8092122161180644 0.03317227792955668 -1.5890007481751698 0.6817237437729733 0.9288922772454757 1.5127855221153572 -0.7610082046911675 -0.7313711723095526 -0.5641818455307233 0.9339007313906555 0.6706224506322678 
0.6817237437729733 0.9288922772454757 1.5127855221153572 -0.7610082046911675 1.8483887143015818 0.26932097596440485 -0.33302725270728173 0.4683517548271672 0.5765302006334112 -1.6496045593932154 -0.928792890993146 -1.0166356550988014 
1.8483887143015818 0.26932097596440485 -0.33302725270728173 0.4683517548271672 0.9738193009760172 0.8222941575816596 -0.7101555984986718 1.1531319098153108 -1.571390858229322 1.7781819613534058 -1.1457503610701 -0.010946783575516594 
0.528527315826965 1.425143379613504 1.5491154158899683 -0.1816120931627574 -1.8639010303520744 1.428080748380916 -1.3477017187091636 0.6972559411414694 1.5927169245075716 -0.4751110172663 0.47553182981931386 0.2221548267955913 
0.528527315826965 1.425143379613504 1.5491154158899683 -0.1816120931627574 0.05462709281243727 1.9526883885289452 -0.5799724885729529 1.4714531535405322 0.13140679910970565 -1.3710516394462804 -1.0597413092528738 0.6310049418503807 
0.528527315826965 1.425143379613504 1.5491154158899683 -0.1816120931627574 1.845018918665907 0.042039573023037846 -1.767823934983097 0.8390903675131454 -0.1751469144826392 -1.646419616973525 0.873883729691574 -0.5483505556614898 
1.845018918665907 0.042039573023037846 -1.767823934983097 0.8390903675131454 0.0702020222384645 -0.3204293801245326 -0.3383884372227266 0.1877833435724896 -1.0800543479148326 -1.7500540660168835 -1.385982020128182 0.2175908313755981 
1.845018918665907 0.042039573023037846 -1.767823934983097 0.8390903675131454 -0.16059927019231868 -0.7384795149914614 0.40546701761899673 -1.7377219025758328 0.8845452046959736 -0.42309600789224744 -0.1660397364950965 -0.4355806940852007 
0.8845452046959736 -0.42309600789224744 -0.1660397364950965 -0.4355806940852007 -0.45860982792169747 1.5645513838627694 0.5234989413547235 1.7705713811637063 1.2857676132026317 0.7370792743795476 -1.2510671953786323 0.21624369623264217 
0.5907883620896772 -0.775418142581449 -1.3873640164094607 0.6050989827513322 -0.025831463820326306 -0.6311916006302178 -1.3660123185947035 -0.009957979932863736 0.6780617685649544 -0.3965669510385834 0.45605601147598174 1.3085666589135543 
0.6780617685649544 -0.3965669510385834 0.45605601147598174 1.3085666589135543 1.507252067512884 1.452421926173343 -0.47716842958706707 -1.3266612890632823 -0.902173790390393 1.6873947389769302 -1.336701321030767 0.41892060081430227 
-0.902173790390393 1.6873947389769302 -1.336701321030767 0.41892060081430227 -0.6841547533020074 1.208041455670159 -0.45869349495374534 1.5128493198564477 -1.476228626058914 0.521365706148119 1.775998506008944 0.642291386080132 
-1.476228626058914 0.521365706148119 1.775998506008944 0.642291386080132 0.48298599146593535 -1.9402860790120742 -0.6489339407227313 -0.23407055151850953 -0.2537640767929701 -1.371642042618911 -1.763937248273908 -0.39274247408335894 
-1.476228626058914 0.521365706148119 1.775998506008944 0.642291386080132 1.6304648120005023 0.6863846631937536 0.8586596549469534 1.9201645003225774 -0.030793763307958688 1.5256025686297274 -1.8320140832972398 -0.2202086481334371 
-1.1614433655825973 -1.7065800099507644 1.9659828171514944 -1.0173608409388573 -1.033821847440215 -1.2773209080166494 1.58632312229033 -0.8238078828739326 1.8081703579599089 1.4729274775635846 0.4296687535436621 -1.9614454818830191 
-1.1614433655825973 -1.7065800099507644 1.9659828171514944 -1.0173608409388573 1.3558978752142399 0.18461667807487503 0.7284930204143754 -0.034040891079702096 1.0162638274965867 1.3264840309906663 0.48246534701962807 0.2270296628612094 
-1.1614433655825973 -1.7065800099507644 1.9659828171514944 -1.0173608409388573 -0.25268068834040536 1.6374030385085097 -0.6407204233506341 -1.457122635031915 -0.40942664528059236 0.9883126810307634 -0.9923238878287557 1.1239236362718943 
-1.1614433655825973 -1.7065800099507644 1.9659828171514944 -1.0173608409388573 1.403542421841101 0.8011896983719762 0.6658273597056796 1.866584950326955 0.6868352341558883 0.9684436184913392 -1.7998658631958624 -1.3878446535617384 