1.6440262407583224 -0.520816431982658 1.0789234963965195 -1.7864364144274485 1.1502659027244482 -1.2386967039519963 -1.3400191413727405 -1.381773904060824 0.14562370262132784 -1.669948548996167 -1.7606850789067736 0.5027398650592647 -0.35061529578114126 0.3076440478344402 -1.4581432040192053 -0.6791532092167598 -0.36624002451799376 -1.3149688124620176 -0.6286203319772907 -1.4551133648142365 
1.6440262407583224 -0.520816431982658 1.0789234963965195 -1.7864364144274485 0.7114893104504567 -1.272876022182377 1.9789040328405503 1.9551901440140123 0.2541557910486567 0.19759542371056282 -0.42683192291626026 1.536219226898822 1.6933546508857509 0.7081723609612105 1.3341696336241027 1.4689039749216835 0.22849727109823093 -0.036328811845060205 1.6206724839015747 -1.30215669583116 
0.7114893104504567 -1.272876022182377 1.9789040328405503 1.9551901440140123 0.7494251965578362 0.2801607154203305 0.023196408852835138 -0.9369289342492872 0.04158676202920164 0.9900036928767375 -0.33697498950279225 0.8752047664422009 -0.6698392484500486 -1.922955156159678 -0.4581369780286053 1.0550367053965415 0.9109302662491743 -1.8530096215840035 0.7006327501685115 -0.3462523619365876 
-0.6698392484500486 -1.922955156159678 -0.4581369780286053 1.0550367053965415 1.7818809368451256 1.385247989832365 -0.045777085730978495 1.9760928061554281 -0.03962317297931861 0.28822111963591723 1.6245541715705265 1.2702021153237562 -0.21879113346446744 0.4833513587438123 1.2584561460726884 1.7549322023371987 0.05139884835814268 1.5183299938356098 -1.0324941735541668 1.6456658097496355 
-0.21879113346446744 0.4833513587438123 1.2584561460726884 1.7549322023371987 0.7750874865401824 -0.6714601006658478 -1.6441378096355725 -1.5096056472254635 -0.652078850087598 1.0278992258081474 1.351011393221781 -0.9684486329570596 -0.8881825227428743 1.89245087153851 1.9237466490281512 -1.608739910539676 -0.20287231969322894 -1.8826750739677975 0.3872741796323651 1.9325147729174912 
-0.20287231969322894 -1.8826750739677975 0.3872741796323651 1.9325147729174912 1.9696769063246435 1.9686365811379076 -1.6638445705809275 1.3888802189581493 -1.5197677114201347 -0.06267048010740028 0.11736026540298594 1.4890192706651453 -1.18171418822065 -0.5961144277064192 1.0839847032625833 1.1370438515330923 0.2530299728686609 -1.193848183813739 -0.5283319344990236 0.4527199984919341 
1.9696769063246435 1.9686365811379076 -1.6638445705809275 1.3888802189581493 1.508079348721644 -0.2647653484782513 0.843891739581279 1.4012863722354867 1.8168620339611157 1.8120454794561347 1.429195527801868 -0.93495316655657 -0.13683474552698893 0.9334711863053844 1.3415315274833648 1.4565281701439865 1.822558316285043 0.014510876265500183 -1.9776155067033159 0.9793290890615198 
-0.13683474552698893 0.9334711863053844 1.3415315274833648 1.4565281701439865 1.4297725801375267 0.6751213395539151 -0.8577339973166271 1.0540845803656276 -1.4895188724544637 -1.1487079128523314 -0.7294663857645376 -1.9188748876382067 -1.1023827597582727 0.8158712463053819 -1.5562798482158127 -0.41092506522740546 0.9406795420529241 0.8535947408679188 -1.0862698007855078 1.047761907496243 
-0.9543307718802092 1.063211756072378 -1.150024204910784 0.3286915089242033 1.3860262279926303 -0.0029046821978169213 -1.7806807524508028 0.3744090545196985 -1.7705983742528395 1.3898917565244324 -1.8469676522462404 -0.7032432272805011 1.7701322375344914 -1.2174041039686085 1.0669408867255639 1.3784019117923174 -1.4306033471988577 0.6296632433925997 1.606596808597872 0.556976259473791 
-1.4306033471988577 0.6296632433925997 1.606596808597872 0.556976259473791 0.710731159758621 1.3901545576382315 1.2085896289413678 -0.21179013740883512 -0.6110821855144963 1.7143545563254263 1.065340783979078 -1.4743878982079233 -0.8622888714126788 0.4671834727157216 -1.3304392513235466 1.3448733596622304 -1.071159921483881 -0.8168979985672356 -1.8903093023412185 -0.9517897091168734 
-1.9446377421181604 0.6769583639505985 -0.8447146075309506 -0.9779312614645366 -0.9691213822580851 -1.043964719040026 -1.358216792807502 -0.18712695376313215 1.8926277116661732 -1.5346165102849825 0.04103526103921995 0.5662915378798443 -1.9112849718409013 1.8620185779534708 0.678717986839593 0.7227202748330912 -1.57200848879449 -1.7708921646392546 1.7629522462996556 -0.1278432401802534 
1.8926277116661732 -1.5346165102849825 0.04103526103921995 0.5662915378798443 -0.34789123394627763 0.07712855581634859 -1.9766559745604093 -1.0016378364560934 0.09157387529174876 -0.9765002583826421 0.46475511025759797 0.28586834912228243 -0.8899747851439694 0.6571035981262097 -0.34040736938760796 0.31820779101246943 1.2830775535494836 -1.0414872557031747 0.8215415044509449 -0.6624809538313721 
-0.34789123394627763 0.07712855581634859 -1.9766559745604093 -1.0016378364560934 -0.8514092677057397 -1.3099454499337346 -1.3090787553594847 -0.9899347802041287 -1.6799611078299033 0.29616994741268554 -0.09812463587049258 -0.006223973875039146 0.7665190167853488 -1.5804741912082698 -1.633105479978314 -0.3986934699809219 -0.4853896161356488 -1.4440127780601215 -1.699245982480257 -1.4632700209056022 
0.7665190167853488 -1.5804741912082698 -1.633105479978314 -0.3986934699809219 -1.4582114087953482 0.8444764359662402 1.7054557727337505 1.9538207261294604 0.38915327178953785 -0.04609873572908496 1.9620850534750693 -1.4635503750770362 -0.5175645230504302 0.9297909752578 0.8831606213324994 1.3303465418612759 -1.6921701469891 0.6962145841539833 -0.5412410166346162 -1.1158916310953582 
-1.6921701469891 0.6962145841539833 -0.5412410166346162 -1.1158916310953582 -1.8058852325562365 -0.5623018913872047 -0.8351562263665997 1.9495497852152477 0.6464589158199741 -0.6992212454481956 -1.719709594303362 -1.651135711424112 0.013314658426741843 -0.47723761086063643 -1.4439635215124973 1.022637388045791 1.2577219386135208 1.1161552980940104 1.158660953036006 0.8805125805356622 
1.4991756344811207 -1.2317992463576246 -1.042775543874217 1.0619145260477199 -0.3807511442491558 -1.048951943022879 -1.2456501701452969 0.5597525174070648 0.6929984292240654 0.6296960049511826 -1.9072217564825644 -1.009646540539885 1.3257258656495448 -1.1950164905200311 1.3143105593222133 -1.524966068103585 0.0715358883813364 -0.5465308246182743 -1.2805971982864897 -0.317828264855192 
1.4991756344811207 -1.2317992463576246 -1.042775543874217 1.0619145260477199 0.22873746489203395 -0.9731105254268377 -0.266283695869161 -1.8909440990055337 0.6460221840174118 0.8499618093632622 1.597675360700384 -1.9559713281071662 -0.15296842612265493 -0.22692255957780638 -1.5327821019963892 -1.6497449071472081 -0.18474135588098273 0.09782437413441514 1.6134326644471981 -1.5446568600534625 
0.10722407385976362 -0.6646074825469417 0.018800659520598284 -0.33578490401855543 -1.1807922186619098 1.8261767099936956 0.46294819939602894 -1.3308134568841412 0.4632094560696203 1.1697461535271403 0.7746554365965443 -1.808253620510786 1.6491435307688045 -0.6101127307368164 -0.09272745877294675 0.8204128465350631 -0.5974603884450937 -1.5352314133070526 1.7615599167773466 -0.062267003260029874 
0.10722407385976362 -0.6646074825469417 0.018800659520598284 -0.33578490401855543 -0.8400178159294818 1.1509927770577981 0.649157268909299 -1.70375335524274 1.7864051597057982 -1.9561707022880337 1.0985489786481164 0.9352750522309985 1.7982088066893467 1.3342494635648432 -0.5869901354841875 0.23273876335047827 -1.3890316662215385 -0.34226767069095976 0.24466088990913493 0.8179837436918653 
-0.8400178159294818 1.1509927770577981 0.649157268909299 -1.70375335524274 0.7153019859309233 1.0700805962073625 1.2253932999510786 -1.7879333028924158 -1.8513263789667498 -0.37722817458244373 -0.6723373709142577 -1.152964214938129 1.3122181081348367 -1.4003147869564891 0.24055395552114245 -0.5535123115436784 -1.3280635626804131 -1.926917752947948 1.4941273906475283 -0.821462855922718 
-1.9048496803623767 1.7812945365829647 -1.8538461604743324 -1.88282938973554 -1.4815527648473878 1.2436369561590372 1.2755891937168187 0.7647396160850222 0.31541489495423347 -1.7973997428357422 -1.731211659991669 0.10803699373738773 -1.8348898303235424 0.4262597042072631 -1.1296241452560976 -0.3940892878788751 -1.0587217044152748 1.0977182502936285 -0.3178285658139006 -1.0763802485047322 
-1.4815527648473878 1.2436369561590372 1.2755891937168187 0.7647396160850222 -0.06072976995792212 1.7519686549050175 -1.294319877133224 -0.21558112160549525 0.315838833671477 -0.9306062010281355 -0.625715579236656 1.8982172772804997 -0.5022471773952164 -1.9688430697321864 0.6381139309930921 -1.7710342026480403 0.22574958903905973 -0.3659901782235164 -1.4346338281228967 -0.5118266132216007 
-1.4815527648473878 1.2436369561590372 1.2755891937168187 0.7647396160850222 1.418582017356722 -0.03778629603919237 -0.8884654326787871 1.0895172795818842 -0.7456387207785546 -0.9292536283477486 0.5454401669892879 1.8133101874671822 1.7679186982110946 1.3198910272080822 -0.054857404355297845 -0.9613805141840741 -1.4655286733049029 0.9015076760238885 1.9721443216673724 -0.8491766107335916 
-0.7456387207785546 -0.9292536283477486 0.5454401669892879 1.8133101874671822 1.8124005967374748 -0.45459828635949284 -1.1386519691791719 1.6902851042056946 -1.5537489650263718 -1.6441926543777563 -0.2751497742234097 1.2243688871718716 0.17650719677382476 -1.9442582073788905 0.06482862533804745 1.8454607092566135 -0.38054670299994964 -0.8894542793010918 0.9238322611740841 0.059335746065998674 
1.8124005967374748 -0.45459828635949284 -1.1386519691791719 1.6902851042056946 0.6358435224928543 -0.8333549049119835 -0.8720400017494923 1.3084214251928783 -0.905345586654553 1.8661205230122828 1.1678734177755756 -0.4751449077836374 1.6361234461530727 1.8181945782339213 0.7260824047696328 -0.3091187912150404 1.936677659171965 -0.6311715510116596 1.4707717418142492 0.9829378530398274 
-0.905345586654553 1.8661205230122828 1.1678734177755756 -0.4751449077836374 -1.4950480718266488 0.11447048503992896 -0.9489661700859373 1.0842507595106383 -1.474972564293433 0.3370529346781397 0.3771595449430971 0.30861312243794137 -1.847958469777783 1.0663644930503047 0.7207745426224261 -1.8383132803590634 1.188848777230104 1.6717507250787342 0.3090168853428681 -0.4874083661554067 
0.8692267598390875 1.2873654804235808 -0.20846481370521186 -0.3340128506693807 -0.9134040543843178 1.3290137151525134 -1.9600703498650782 0.5473728949752652 0.4225745307331148 -1.7998942412878396 -1.1524153951714369 -0.280990059698603 -0.8222684454858551 0.27111513147466715 1.3755512343243916 -1.988577749408352 0.9696865025370012 -1.349797901498646 0.8961491014576168 0.49434118496560986 
0.4225745307331148 -1.7998942412878396 -1.1524153951714369 -0.280990059698603 0.7495176654295479 0.5566231985919856 -1.6646107324256856 1.9232139325574953 0.3719992703374344 -0.871138411666526 -0.7134814741150968 -1.3606421896092282 0.9005179647174786 0.6126717193912432 -0.9706500639714832 0.06166665024899265 1.0686165464903086 -0.4820289561863884 -1.8809220055462474 0.6962771316140071 
-1.7731776190605477 0.8466539582538424 1.2998120327740446 1.0962336697836896 -0.37254140631481203 -0.8225029342202967 -1.218829464452778 0.024474771259563433 0.3977080741112702 -1.2066233279086318 1.4690235612744638 1.350398780780246 -0.07649897697932317 0.8023758651517814 -0.424084159173451 0.7973412074537642 -0.46861340535183293 0.41743726527330294 -1.3345443616464832 -0.9410266964522509 
-1.7731776190605477 0.8466539582538424 1.2998120327740446 1.0962336697836896 -0.3075500722083939 -1.6701885806987034 1.3175419417517573 0.48295055037225953 0.9088308885042298 0.8634116315081655 -1.8007410623447537 1.749161952050109 -0.1807761606501357 -1.5718864923225175 -0.2031424426629922 -0.29283490324730765 1.4802730127316215 0.5336136625243526 -1.2320700188467613 1.6194396406713283 
-1.7731776190605477 0.8466539582538424 1.2998120327740446 1.0962336697836896 1.078609301487393 1.912735835590837 -1.0465260913935932 -0.28997369064192124 0.15924563324503316 -0.2109324399150565 1.5520913206307592 0.15829721880959058 -0.9545099768928917 0.2483086216533419 -1.5858647098994 1.3724177131626676 -1.408671934771506 1.8743852129958287 1.2030170802313056 1.0688235341118242 
-1.7731776190605477 0.8466539582538424 1.2998120327740446 1.0962336697836896 -1.2040457704850667 0.12369266670230505 1.2403900007051605 -1.8492533363279597 -1.91841965019671 1.3221398937425528 0.19939798832782296 -1.870180774133397 0.4403931112133401 -1.2702056733495763 -0.1210635371000377 0.15580060887934044 -0.8193128051096656 -0.2756488417322629 0.7930382734046457 0.10300990677097133 
-1.7731776190605477 0.8466539582538424 1.2998120327740446 1.0962336697836896 -0.07993578572117643 1.9018084754680245 0.5704504758250817 1.2890328335958778 1.8654920355263984 1.9248977117418709 0.9234558083589053 0.03292149690078139 -0.3238523329627805 1.6495594975700634 1.589750775066015 0.8617619238204925 1.9121897154317162 1.8659383408474377 0.8526489394842582 1.4817993576856288 
-1.7731776190605477 0.8466539582538424 1.2998120327740446 1.0962336697836896 1.269766771319638 1.0370632303856677 0.9937894450261058 0.7584545581482631 -1.737490564324856 0.22834537542815836 1.7558407061367949 1.7019413586550676 -1.5284751929923712 0.9094524584910322 -1.003449290181302 1.1024280634755321 -1.7178948790559851 -0.08186830685618052 1.791520444977643 0.5754183854954285 
-1.737490564324856 0.22834537542815836 1.7558407061367949 1.7019413586550676 1.4374427792063806 1.2056034826311497 -1.0740873994987385 0.4046020247916373 -0.9663459071841269 0.302805074244477 -1.9122129131680774 0.7222076726448918 -0.0960523745669315 -1.713175338180498 -1.759517762171083 -1.5595288175317905 -0.46925353358488264 -0.7133181640316244 0.9698716692867548 0.7621565473039369 
-1.737490564324856 0.22834537542815836 1.7558407061367949 1.7019413586550676 -0.6818938143561568 -0.12333829037071808 -0.6316968868173007 1.608800706958219 -0.974017120199187 0.28500021202621406 1.9507371088147942 -1.2971652399417377 -0.9134479258320161 -1.7317356127349104 0.5875358339953882 0.5148895718050248 0.9369263204805351 1.616120582962802 1.9549073700536699 0.9556253732638793 
-1.737490564324856 0.22834537542815836 1.7558407061367949 1.7019413586550676 1.4077633396296818 -0.12502560272559649 0.48386576307004736 0.5982174425439233 -0.5909315092171998 -0.7143170155335312 -1.7521747887140862 1.8619291829748406 -1.5617360652367482 0.9824123071375324 0.8834361504781221 0.8268960124386409 0.39477900571054514 0.3531974019607742 0.4185935420885287 1.8795979636777922 
-1.737490564324856 0.22834537542815836 1.7558407061367949 1.7019413586550676 1.144731182228134 0.41428494364892643 0.20460742201953064 1.547229092059431 -1.30543388769687 0.36502855546541113 0.2751088502733503 0.15270240417151681 0.8125605325614562 1.5448033316529606 1.980698528244548 -0.8623147977763068 -0.21677826390542965 -0.19755224764944668 1.3715112061389574 -1.9647649162728111 
-1.737490564324856 0.22834537542815836 1.7558407061367949 1.7019413586550676 -1.0380366220452126 -1.379356313374442 0.2778759584688295 -0.29685681764030347 -1.3290677524139225 1.9891371146328978 1.9842216948740097 1.853527301239196 0.8177593092900599 -0.869116311921605 -0.7690564206751085 -0.8839844535724963 1.522447283538925 -1.6266216066610775 0.4463850997860197 -0.44592940800337866 
-1.737490564324856 0.22834537542815836 1.7558407061367949 1.7019413586550676 -1.0403579421592077 -0.8689541286199955 0.5567135157139194 -0.976247937095537 0.9467863250838149 0.43377386631975945 -1.9140498592734958 0.22385481391826456 0.8669369588431741 0.7181148508114852 -1.2061823530481557 -1.3609215711942233 0.9924912048472101 1.7968493441645634 0.9779727643585177 0.17960914691295837 
-1.737490564324856 0.22834537542815836 1.7558407061367949 1.7019413586550676 0.857404677244801 1.0318222522859979 1.1613042794779806 0.6331927401722202 1.2865326647806632 0.014295782604744733 1.6379373345476824 -0.6968679134739548 -0.8147017492141293 1.0759329537168694 -0.5428203502729465 -1.1564176528343713 1.78949540332389 -0.893725847660698 0.06171548159817419 1.2430559574251467 
-1.737490564324856 0.22834537542815836 1.7558407061367949 1.7019413586550676 -1.8666602923272526 0.1886246886610281 0.4889456277339992 -1.4595241168597308 -1.8950232037043024 -1.6271006765531069 -1.0583690301924014 1.0928376561266209 0.42659348204550795 -1.2792656209651816 0.2464757406393403 -0.6789430199203514 0.6422952930881154 0.44258058084595575 1.1359190815874842 -1.0903867600487858 
-0.9363598747339692 0.4213782993238637 0.9503051965401323 -1.851722022017308 1.6119745251599977 -0.6990367608604409 -1.460377063812139 -0.2955723785648532 0.515512980468968 0.8531656800233676 -1.443400832547315 -0.3854152144135914 -1.1392696929308843 -0.24818620890785148 -1.575213631747765 -1.6511613054583907 -1.346358309412616 1.4365242359124042 -1.906638317055978 0.3258540050118688 
-1.1392696929308843 -0.24818620890785148 -1.575213631747765 -1.6511613054583907 0.6757358468871026 -1.8528453571917054 0.03526467918915799 0.3761429376810872 1.956161059103387 1.0271541166843412 0.9211067897372085 1.22367772093112 0.9195772487437135 -1.4522297612660924 -0.956865804869274 1.0647303105509671 -1.2502471196708496 1.5976648905546242 -0.5642497829343949 1.8973162308012776 
-0.7197942193661735 -0.6649347376131862 1.9414446130606042 1.1336521457702915 0.2300974698806213 -0.7212859623057715 0.2116194524602668 0.16023164722887495 1.1301255986144203 1.6031627789953644 -0.35603539912132165 -0.2905401083804109 0.791139915913806 -0.03513070436395971 -0.12542605591887535 1.0639493959474096 0.022956749783795694 -0.903900616844513 1.5626292732107228 0.3840616624244175 
0.022956749783795694 -0.903900616844513 1.5626292732107228 0.3840616624244175 1.540766850837934 -1.7224954410912678 -1.108440388622193 -0.7807113073881342 -1.4658349460457063 -1.073460635527554 0.16461309421639037 0.9747877152226896 1.0883036887244897 1.8944983276691048 1.2640603382415754 0.5776784784752822 0.3609760833070199 1.7877335202315203 0.5467217476706936 -1.79730462669534 
-1.4078001421102262 1.6233227619996433 1.0687728915236092 0.2092088335962221 0.7346566412053033 0.6661001685347312 -1.0071027171296265 0.6757058914854439 -0.7912696397769312 0.5271303864789951 -0.7315331473832143 -1.3408507040198878 -0.042134020468496125 -1.1564772344247776 0.2423028674132408 -1.4422418141336841 1.0791801145084863 -1.4945255659297203 -1.9876212395246142 1.7151473879470092 
-1.4078001421102262 1.6233227619996433 1.0687728915236092 0.2092088335962221 0.48479567513310684 0.06062717183514188 0.7197573857504276 0.0022723177517689486 0.12273710094924306 0.21157447883603142 1.7955440586910743 0.9880582099090693 1.6675083338155159 -1.20305480755639 -1.396130080980797 1.9838213651221803 0.7592057091923596 -0.5023483996109399 0.4893743228774472 0.44066141970018213 
0.12273710094924306 0.21157447883603142 1.7955440586910743 0.9880582099090693 -0.9056368502558461 -1.3260857360145168 0.18057580010284235 -0.6437664637909752 -1.7232199557870533 0.4209592644781117 -1.8535216237094856 1.6309352942100577 -1.8972647271983165 0.6028379651717022 0.24222615372719236 -1.0876973334262314 -1.0049644917873537 0.41655477254844175 -1.5769146841412245 1.867751688602426 
0.12273710094924306 0.21157447883603142 1.7955440586910743 0.9880582099090693 -1.628311946567627 0.35931938948295006 -0.6451366996370913 -0.42252049756646004 -1.2305559932953938 -1.492571727685338 -0.3476949391473463 -1.7681374131587622 1.2963139333077418 -1.6067724049088121 0.3987416890962874 -0.6219130574922378 -1.6984875889275206 -0.8691591332964155 -1.5322916560103907 0.7673656115614214 
0.7696677343593388 1.4082239552165174 -1.4527835608014463 0.1503252874043266 1.7932004520613716 -1.8078534019685617 1.47803863598994 -0.3387707219371081 1.6711353037691765 -0.7025832008458055 -1.2656538276058646 0.9157902459014107 0.823285794902672 0.7848072216919588 0.7360311688611421 -1.9295978890231975 -0.3404301767742828 0.9022811088260712 0.3578008514850368 1.8019104699474244 
1.7932004520613716 -1.8078534019685617 1.47803863598994 -0.3387707219371081 -0.14135704177892716 1.2598414376554277 -1.9158412693994071 0.3889694086505102 -0.8290793058043824 1.2332921719088654 -1.1467424107834931 1.4663642472887553 1.9706442032901585 1.1808043279311584 -0.33352458190087475 1.058357019147143 -0.5804712413093891 -1.176535306987624 1.9346783303460637 1.6782380292305326 
-0.5804712413093891 -1.176535306987624 1.9346783303460637 1.6782380292305326 -1.9732953691917237 1.6095552393332677 1.764425175629862 -0.272730655618997 0.9881478987194852 1.6529015696230194 -0.06232038193813905 -0.6414717092168636 0.7645819785279704 -0.9167220330910757 -0.6715915584292551 1.6825030061066997 -1.69724835117963 0.4836437462878469 -0.33868587085040147 1.9100152985148764 
-1.9732953691917237 1.6095552393332677 1.764425175629862 -0.272730655618997 -1.340328551776805 1.6153474027183887 0.3710370142433006 -0.30994175170670735 -1.3527297106686786 -1.7356618054964432 -1.7806224325158362 1.2757742930323746 0.7551481715001365 0.5099906889386197 0.332117546047769 0.1612153548953401 -1.2634004240764014 1.4136823767393616 0.37433049387621686 -0.35727408144576245 
-1.340328551776805 1.6153474027183887 0.3710370142433006 -0.30994175170670735 -1.3143348370194619 -0.9379840140091469 -0.5326489298266988 0.65142527106129 -0.9688201492524415 1.7576708165921886 0.6419500962806608 0.1591278127467266 1.1161734672364751 0.5405080302714858 -0.2950831354939192 1.2698171960569473 1.4028484839077935 -1.533795145597964 0.850085007589267 0.7686684431367037 
-1.340328551776805 1.6153474027183887 0.3710370142433006 -0.30994175170670735 1.9044695713643307 1.886170659802029 -1.9834812046519836 0.9285882239853178 -1.3751525246915484 1.5234199068312178 -1.6142817529394766 -0.6818786963408652 -1.593873817552728 -0.6286221274816999 -1.1467230845563496 -0.9010976343089157 0.1774368583891981 0.12712154196486214 1.4756640348745433 -0.2851779605891376 
1.9298704820246724 1.1908777148077294 0.5046895640927946 1.2461422117445737 0.5703451211641157 1.4975425531122095 0.5548297038600292 -0.03327069862854648 1.70757759263768 1.7598882355166192 1.9208470723296531 1.2958234687822068 -0.6432543956459562 0.6622563965440507 -0.6700157563087075 0.24889893567537147 0.49886272514199215 -0.5179520374216868 1.641654532969056 -0.4155010753198849 
1.9298704820246724 1.1908777148077294 0.5046895640927946 1.2461422117445737 -1.6545688063181148 1.969777086793906 -0.7344965583475838 -1.1703853492938725 -0.8470652758904964 0.5047104275273222 -0.6725697447183205 -1.3690920853130017 -1.5528112558731486 -0.13291658445911247 -0.41614502054887037 0.10842359685510505 1.1553578346956241 -1.5041941828115157 0.19441399826887817 0.9102229551378871 
-0.8470652758904964 0.5047104275273222 -0.6725697447183205 -1.3690920853130017 1.4479787583426695 -1.6679256125008908 1.880186089955489 1.2439333854366228 -0.13524083315827573 0.007191212203612185 -1.471120398544791 0.3946328078987067 -1.9062119234258095 -1.0578539375870557 0.8108139335674749 -0.9263640309510137 -1.1422190182255574 -0.7151740913409053 0.5215067765409445 0.22297571941655026 
-1.9062119234258095 -1.0578539375870557 0.8108139335674749 -0.9263640309510137 1.0368843745628493 -1.7303647145758139 -1.5753715566153477 -1.5648904123729106 -1.9732126564348533 -1.1648719429132073 -1.5969024674261592 -1.3754731476914994 -0.19355447107717572 -0.2374974799021108 1.2653124992160771 -0.03758511133156661 1.4782798248513527 -1.1311243576887917 -0.09528009413232708 -1.1336653044091234 
1.4782798248513527 -1.1311243576887917 -0.09528009413232708 -1.1336653044091234 1.5257356696574127 -1.6373290647403107 0.29413323711096595 -1.8764735033472975 1.439855916533055 1.533054665526326 1.1186671722023949 1.0935301751097848 0.6337819244599898 1.0444909676284353 1.0047945932068951 -1.678661026081314 1.1405587131089954 -0.22318811151612072 0.785822410100308 1.7532657955901194 
1.439855916533055 1.533054665526326 1.1186671722023949 1.0935301751097848 -1.1335072613007213 -0.8339676394490061 0.9428172849785761 1.601738638635291 -1.716489706437026 -0.4536604927668826 0.3271604323966488 -1.620652007289412 -0.8152028903424919 0.8139827851076986 0.6310137718231235 -1.8845788998849793 -0.17295698848155183 -1.384661750800451 -1.4198006512309598 1.1379756782086674 
-0.17295698848155183 -1.384661750800451 -1.4198006512309598 1.1379756782086674 0.30264537817325765 0.265500718026777 1.3733755319452583 0.6295059479989127 -1.6350946744168264 -1.0666341431496336 0.7096890691788214 -1.4588378284265735 0.7859304151768836 -0.1738424000883554 1.5189200182825453 1.7202851203461607 -1.8265910477212324 -0.024047888062769474 -1.430422884337038 -1.9079575917890255 
-0.17295698848155183 -1.384661750800451 -1.4198006512309598 1.1379756782086674 1.087751298074663 1.467354735419748 -0.8517406249653603 0.9681337847645257 -1.9280025737611184 0.1448409968129578 -1.8772090791824545 1.7847610354146717 -0.07434104919929618 -1.2067473861174838 1.518553707172023 0.48186617938171006 -0.5512039787587661 -0.45346624403235847 -1.5728883487635126 -0.7018317590062026 
1.087751298074663 1.467354735419748 -0.8517406249653603 0.9681337847645257 0.12601278606306465 -0.34732623698592757 1.398288840520816 1.478328395713783 1.15493277286871 -0.3232860584972759 1.992526140756095 -1.4910287382628962 -0.7346006705238977 0.8643011328350156 1.7342482935759138 1.2537672793555368 -0.16284584509589228 0.5254827442346408 -0.7267450380248355 0.6881799685090986 
1.087751298074663 1.467354735419748 -0.8517406249653603 0.9681337847645257 -0.7028714794084645 -0.6769789430643463 -0.8089574927911416 -0.9502925286901638 -1.3604755503444568 -0.7226770040818504 0.7551551563123478 1.4998422573288641 -1.018762100551709 -0.010254253422680382 0.18084121825063093 0.13533171377047948 0.2514776838921273 -0.04908798357774202 1.2478600111725582 -1.5630592918944188 
1.087751298074663 1.467354735419748 -0.8517406249653603 0.9681337847645257 0.1581256225347425 -0.04712269768925692 -1.0347778448490832 -0.14121857524384396 0.7575937937464761 -0.9374838843790543 1.5584916155268682 -0.46406632685548965 0.4800289883905027 1.7024255002312998 -0.38508871140387324 -1.7138383661060224 -0.8409552850965012 0.9443597746422823 -0.7500618850159726 0.6450236708910864 
0.1581256225347425 -0.04712269768925692 -1.0347778448490832 -0.14121857524384396 -1.971880284816955 -0.938059157905379 -1.6660928544226925 1.0839720393892613 0.05394696372381613 0.7472545990022987 -1.4924811558024937 -0.08611144797204906 1.952846435981408 -1.0060927272919704 1.223688145434203 -0.8200716049789079 1.488456951929774 1.132636605457642 1.196519520213319 -0.11736148447555639 
-0.4743685503429167 -0.795838588749497 1.751604296186322 -0.5162682880350578 1.8040425333120376 0.7301683013914246 -1.595381671102067 1.9964690858047955 -0.5797897676717216 1.4704520976058255 -0.29493080117316905 0.5939585647631835 -1.9273788890675183 -0.046860005653165615 -1.4558038933595108 0.030024912472570886 0.04159599928935753 -1.5118419750664938 1.2403149166325766 1.3686907629484937 
-0.4743685503429167 -0.795838588749497 1.751604296186322 -0.5162682880350578 -0.39670172264882986 0.7975341959817741 0.49385204992606146 -0.10183337383769153 0.9039183096423291 -1.8810434434613033 -1.6941525275364628 -1.5358685841289845 0.6574379743812271 0.7290043099232593 -0.025028968777796035 -0.8143927788314356 -1.0277288158545117 -1.2992714672828556 -0.7493727017577996 1.0311130247432079 
-0.39670172264882986 0.7975341959817741 0.49385204992606146 -0.10183337383769153 1.393739503051855 1.3393202918635279 0.6760906428577256 -1.8491825184499664 0.46890425551730086 -0.33498926516471883 0.610449282909832 0.5313460445128584 1.9007647604238502 0.8928174006504594 0.09730076314419067 -0.47507629646563077 0.8991646376288234 -1.8572732535351273 -1.3969511689966638 -0.667556040833654 
-0.39670172264882986 0.7975341959817741 0.49385204992606146 -0.10183337383769153 -0.8112188282579806 1.0717813523254835 0.620455364492766 -1.7959326848321289 -0.9103105344451827 -1.439572067963144 -1.583461968447876 -0.4583832378368662 -0.9311842591691257 0.21471489100227403 -1.834247934546826 0.20967612403496805 -0.2864703811683196 1.3442014650162104 1.3032406454052086 -1.1418421820669429 
-0.9311842591691257 0.21471489100227403 -1.834247934546826 0.20967612403496805 -0.9743309626490424 0.8474649719833907 1.2912164179673389 -1.2159503865219428 -1.226734452050931 -0.5547472338467672 -0.7000138531521096 0.48843280919350507 -0.5188859857805892 1.079211881857443 -1.32564291504869 1.910031018763699 0.4917348129635437 0.7095160750578433 -1.446339133790432 0.4894659504619079 
-0.9743309626490424 0.8474649719833907 1.2912164179673389 -1.2159503865219428 0.7479813581542198 -1.2606301636108799 -1.5000922290355247 0.7403520655708742 -0.07837373092842181 -0.6903600098591585 -1.4680339756772045 0.4575868736724824 0.9867248353210178 -1.2671347930728971 -1.2348361320563863 -1.9090690637987886 -0.6076698123794628 1.667721999815039 -0.45760246514790515 0.07214289506071747 
-0.9743309626490424 0.8474649719833907 1.2912164179673389 -1.2159503865219428 -0.1624664466700385 1.1499773626630607 -0.9069048594309939 -1.1025269677213632 -0.7395450836745772 0.508530941984564 -0.05704650569653502 -0.04545735266103579 -1.5999454829010507 -1.6464750287729535 -0.9933441122640496 -0.30367635476171406 1.6394515107385659 1.7725292274860571 -1.424817073266349 -0.4086573562473248 
-0.7395450836745772 0.508530941984564 -0.05704650569653502 -0.04545735266103579 -0.12362592195128119 -0.11691354586492775 -0.9884173964911929 -1.7208562434350267 1.897389384083326 -1.0291713197130403 -1.4925339298225446 0.48068038342902986 1.8221078592119975 -1.5927475975388328 -1.2037867737531651 0.6950751547497007 0.8286235694502149 -1.1185690297181492 0.48401946791474826 1.9560884259011688 
-0.12362592195128119 -0.11691354586492775 -0.9884173964911929 -1.7208562434350267 1.973986236510358 -0.2136093649354116 1.8297167363251048 -1.725354390874807 1.1175238528199563 1.7821711383394128 -1.1120328013586773 1.2291032890549274 0.44509991748150357 1.0548843428251446 -1.4038376815711304 -0.5300701753789476 -1.3663550196662761 -1.7723697439464847 -0.9372354418716617 1.7160665608597454 
-1.3663550196662761 -1.7723697439464847 -0.9372354418716617 1.7160665608597454 1.5855868536048212 -1.2643822555350326 1.8439566896775097 -0.7826383343857368 1.653409880975922 -0.30266340737625663 0.7173292263130677 -0.3039337407674303 0.9018237904837827 -1.72681028801713 -1.5807541969612675 0.3528487547487562 0.7306229803369639 1.1005979634572558 1.8670349473391519 1.8613271120851853 
1.5855868536048212 -1.2643822555350326 1.8439566896775097 -0.7826383343857368 0.9790086509539342 1.7962136953590906 0.20098630576335275 0.09049340098735437 -1.551825775195323 1.6164007497538555 0.1727949563790836 -0.9549025039040373 -0.1952396541202055 1.9117833735905347 0.2885033302657405 1.1024299563401243 1.842037668559899 -0.40815447793507564 -0.8510833873693011 -0.7892439035768217 
1.842037668559899 -0.40815447793507564 -0.8510833873693011 -0.7892439035768217 0.37811817842369466 -1.8329079991397692 0.20340983435731053 -1.0537874284313915 -0.6978472822224862 -0.595764972675235 -1.6290339216872298 0.19966386542333758 0.666175866639179 0.578810422142352 -1.543043143387985 1.681370050623558 -0.03928325994963355 1.076673792124371 -1.3422669234867923 1.6001940358849156 
-0.6978472822224862 -0.595764972675235 -1.6290339216872298 0.19966386542333758 -0.5922861772280852 -1.193228379875431 1.5858592517949703 0.09055561449414107 0.8958577305280686 0.9369457642770707 0.7600363609063208 0.9402096325543905 -0.7308811078511233 0.30936463126933456 -0.11370539971664773 -0.7514339533971137 -0.06997933702072023 -0.7062847168079651 -1.019950180080846 1.1900195639384288 
-0.7308811078511233 0.30936463126933456 -0.11370539971664773 -0.7514339533971137 -1.6678341572053665 0.9419469644874989 -1.5425977142071163 -1.304672120323398 0.2734180719010819 -1.0355377517215762 0.984342221133963 -0.6243227282023098 -1.543555940331928 -1.9886736239418812 -0.9016236996631339 -0.19071848160731264 -0.014401567843758567 -0.5060110672334419 -1.8273052965554233 0.05650486825189738 
-1.543555940331928 -1.9886736239418812 -0.9016236996631339 -0.19071848160731264 0.21586914451100414 -1.395081962094047 0.32329094399319525 -1.2547430527206416 1.6621139963824838 1.4201136699094876 -1.1701026424567562 -1.885619492529376 0.36916355321738026 -0.9596008812267409 -1.1009927102776342 0.8311164669076971 1.9856133737037447 -0.6147724653554354 -0.25917231472096525 0.6443119454750024 
-1.9778267797736202 1.2886967764724178 -0.35678160878335996 -0.48054203681839924 1.1594618575893278 -1.5951827010825048 -1.1515279406662016 -0.7931980751704115 -0.02956995930746098 0.2673733025922109 -1.8793226477204938 0.8503613309148559 -0.9021483275699165 -1.6134189961891225 1.4779261065906817 0.23164235956389856 1.313375315767526 0.35831074835562093 1.94373073840899 -1.2262911588062404 
-0.5487374609404414 1.5176717476227601 -0.6712067903624077 -0.44584985459376414 -0.22459587599242026 -0.6066634529968202 -1.3204693365036042 1.0743385976121744 1.9178140486386868 1.0988631275389578 0.09078478120642153 0.02160305447156219 1.3217280509050604 -1.9018527030148227 1.3980881957512685 -0.3002625184626644 -0.053072337988592455 -0.6360388986198622 0.7385051458759455 -0.17193414624666703 
1.3217280509050604 -1.9018527030148227 1.3980881957512685 -0.3002625184626644 -1.574587141165451 0.04723724327576706 -0.45396848258603884 -1.8263004212350706 -0.21049495626741122 0.6053531087991297 1.0575300681881359 0.4241804837954186 1.6452646328993503 1.253662553680456 1.1355130276789684 -0.9934053294697573 -1.8434885518394823 0.051329591734701197 -1.4759741339983643 0.27579659643623433 
1.3217280509050604 -1.9018527030148227 1.3980881957512685 -0.3002625184626644 0.3242317897520022 -0.7760123026329873 -1.3051466562126852 -0.43265609350046486 1.5908899258854299 1.2571269703217656 1.508956102422526 1.8880206819980874 -0.6076312097543424 0.3964544342702552 -1.99656743313193 -0.44261455629519464 -0.622802297014196 -1.3182207230754703 0.4852747359296683 0.3670236907711506 
1.3217280509050604 -1.9018527030148227 1.3980881957512685 -0.3002625184626644 0.7434024491689577 -1.8986953159294382 0.47810613538724356 1.378832426288414 -0.7358076489142467 1.6431269567865288 1.3964961429055158 -0.4238009265307907 -1.420470971401051 -1.0123288691196337 -0.3081567908547611 -1.0114065927055327 0.5897128321394023 -0.4641466560837566 0.613788359422728 -1.4551763374584086 
-0.7358076489142467 1.6431269567865288 1.3964961429055158 -0.4238009265307907 -1.665552504654531 0.4476872154708147 -0.16278185140279744 -1.6940181526162679 -1.7369197454819925 1.4251700080525125 0.13803173770677946 0.12222046780013818 -1.9957988376493803 -1.879814839025625 1.366633027335332 0.01307830374798602 0.8696705960695272 -1.6229437594357305 1.4716279609417309 1.9609506570118485 
-1.7369197454819925 1.4251700080525125 0.13803173770677946 0.12222046780013818 0.5242181133581765 1.835274349703404 -0.7628565493986579 1.9599940687916697 0.9146785621583691 0.4392909221368222 0.5366681722147719 0.25833144342762226 1.80368124035208 -1.6861182952688054 0.24317853594740857 -0.08385489764073073 -1.2543990215364276 1.930876040990149 1.1979992617275492 -0.24850736896437686 
1.80368124035208 -1.6861182952688054 0.24317853594740857 -0.08385489764073073 1.44208270115332 0.7948055065831463 -0.3378408829301853 1.8213732394578583 1.8205262317565443 -0.6228003198090013 1.2760863925074188 1.6804139784768655 -1.2221540465599139 0.4595591909155745 0.6858906419430171 1.7384627693131756 -0.9288365802008336 -1.5736680483466206 -1.358231871833301 0.6098499681107215 
1.8205262317565443 -0.6228003198090013 1.2760863925074188 1.6804139784768655 1.9517391303845204 -0.764513951537936 -1.1970563523437896 -1.0076964261409866 -1.31157431521728 -1.2668394276325463 1.5070904391657622 1.2274745917050947 -1.1382303655072445 -0.1807024782289952 -0.15298219262481094 -1.6164151675725598 -1.368409170831916 1.401065081051275 -1.2850351734207388 0.08864206621578408 
-1.1382303655072445 -0.1807024782289952 -0.15298219262481094 -1.6164151675725598 -0.8293955660870487 -0.7433379467521828 -1.3428995841968985 1.9881837943334024 0.35978849138099234 1.248075926558844 -1.3759762692813258 -1.8943148844277014 1.3282861184691566 0.7863181758321991 -1.257011460630968 0.6153537162064797 -0.7269237175199028 0.825103728755856 -0.01343712524268792 0.18846763127729016 
-1.1382303655072445 -0.1807024782289952 -0.15298219262481094 -1.6164151675725598 0.667451078719945 -0.09311036920565163 -0.34090531402823565 0.08500367282408705 -1.4700638093599454 -0.4808505693995415 1.7865301571640533 -0.3567934788354097 1.0517969358670047 -0.6912181450082504 1.1984106653022928 -1.454732752087644 -0.7823665002317362 -1.462037155417942 -0.8722009010589549 -0.8716764147754072 
-0.7823665002317362 -1.462037155417942 -0.8722009010589549 -0.8716764147754072 -1.0746162189579502 1.2739857344022174 1.021200385531086 -1.2146698397860645 0.3081286179657994 -1.0601015743011017 0.6465544588784455 1.166809652699182 -1.6942333613198768 0.9409140525903248 0.6729801507784074 -0.841115237397386 -1.5669384697651263 1.9755046882755076 0.5308176666488307 -1.392125736761539 
0.3081286179657994 -1.0601015743011017 0.6465544588784455 1.166809652699182 -0.411118851764392 1.7717414642694647 -0.46306826037870064 1.5296068859368748 -1.139667821421905 0.31675794159798887 1.325896289796363 -1.6998913194811593 -1.549706678086722 0.0790147430928152 0.17708257077974032 1.9631772953550235 1.9075915866431306 -0.7169338494173418 -1.5330423554972392 -1.619863250666588 
0.3081286179657994 -1.0601015743011017 0.6465544588784455 1.166809652699182 1.1886587952673802 -0.6458177078116267 -0.1576093599944377 -1.6314240230801316 -1.7199201347645139 0.32876962322650005 1.7242788297818925 -1.6254564476202207 -1.006075245428708 -0.7433091275608779 1.7595413569853458 -1.0131712892493865 -1.399299658260699 0.3624336165855202 1.5089713362403931 1.2652251079705241 
-1.399299658260699 0.3624336165855202 1.5089713362403931 1.2652251079705241 -1.2944070628641806 0.8396139651192631 1.7566314396384382 -1.0517364673742335 -0.7887788279617753 -1.4660430707131074 -0.4818223479834147 0.9598550793464664 -1.9086580748287636 1.2005339848289847 -1.9304225207895889 1.8609149224988295 -0.4333567068499353 -0.8175887182306054 0.7000674540687584 0.4481462815906214 
-1.2944070628641806 0.8396139651192631 1.7566314396384382 -1.0517364673742335 -1.821924259294689 1.767067416015521 -0.3393750512496827 -1.7967963712513844 1.796306628342276 1.8928944837869799 0.7466003992647172 0.8555703538193109 1.47570745838313 1.6451235244354803 -1.9842276447800224 1.7157307728663835 1.8696288463435735 -1.7421814358878742 -1.6920320862686107 -0.6144868026848265 
1.796306628342276 1.8928944837869799 0.7466003992647172 0.8555703538193109 1.5648341092624363 -0.6375878232849419 1.109086627771383 -1.9945175824187658 -1.9110687543288134 1.2443955364649462 1.4533184417801523 1.229522841373948 -0.6972428727003828 0.8938605916336746 -1.7982762078634673 0.5410755120497228 -1.1595520550257112 1.7918291778399018 -1.3475107547594907 -0.8793215937759462 
-1.1595520550257112 1.7918291778399018 -1.3475107547594907 -0.8793215937759462 -0.683125781587838 -1.537942427304559 0.9021528419926255 1.4578977015961572 -1.642734339337614 0.8566579765569284 1.5997668287019158 0.12621964483973036 -0.43532874243138275 0.37271200741857236 0.22251086783216723 1.9050668069248786 1.0384251694771955 0.5050222121423147 0.2574781180425516 0.7384750458740017 
-1.0875946037097872 1.06235876652261 1.3380515029423519 0.8020821137686065 -0.1963919450035605 -1.6794954118778853 -1.0085094554328946 1.3483769755235069 0.43685608274798415 1.5681912347433093 -1.2285169266469893 0.6771902590490435 -1.9774285605370103 -0.6105093362284388 1.5560848290357692 -1.0700081812472981 1.2159139589657002 -1.510100533102345 0.2343031351581919 1.1310609979457409 
0.43685608274798415 1.5681912347433093 -1.2285169266469893 0.6771902590490435 -1.146590487788051 -0.2936738274556894 -1.6765556405909097 -1.1679443749049585 -0.05311480635835997 0.2227291507560918 1.058061320449144 1.863815983110546 1.1010505784262499 1.7089207127513752 0.7760735695761709 -0.3020584894390299 0.08757611538777121 1.77761771958381 1.9142443461693501 -1.8358337581013262 
-0.05311480635835997 0.2227291507560918 1.058061320449144 1.863815983110546 -0.24106258208358522 1.6215349464103563 -0.5234478845289523 0.3654077422092161 0.8905671972842892 0.6841514738231083 -0.999110827025151 1.8302773736655698 -1.1161771536690366 -0.314111862148831 -1.9543819423580318 0.3021982428398484 -1.2485629732336077 -1.5616134004467601 0.4489556637310059 -0.531388104060289 
0.8905671972842892 0.6841514738231083 -0.999110827025151 1.8302773736655698 0.48869810638177524 -0.7785018390286838 -1.364819746129064 0.9454793323355015 -1.8842772086816328 0.7244130257817099 -1.172464662412037 -0.6857571291513147 1.5772139097345876 1.2855953045424462 0.5544738638039175 1.5008532187748735 -0.6118002793067183 -0.08041366709563658 -1.8075826275498197 -1.2835949962083149 
-1.8842772086816328 0.7244130257817099 -1.172464662412037 -0.6857571291513147 -0.42286969503182226 -1.261849853507747 -0.1534277448915038 -1.7182899000546237 0.6709602592782606 1.982774423032398 -1.278282156754888 -0.7604675859540029 1.129699843274985 1.2232491892662885 0.07473629254555769 -0.579751564898153 1.7182226343570437 0.46745067947787655 -1.1477639633924204 1.0291780864770046 
-1.8842772086816328 0.7244130257817099 -1.172464662412037 -0.6857571291513147 -0.7439953191667366 -1.372242538123007 -1.9197401105267025 1.3275119999779434 -1.0259393706442865 -1.1517310717851732 -1.4847339264161508 -0.42089048642753824 -0.8769668498674119 1.404275528873793 -0.9240830761875287 1.1154511497000454 -1.1853779608108983 0.2750902521728604 -0.548832743420737 -0.3024274616089606 
-0.7439953191667366 -1.372242538123007 -1.9197401105267025 1.3275119999779434 1.7902737141568839 -0.6413076564478049 1.3146440591447948 -0.4380836744366339 -0.4408818418435376 0.6024235887166172 -0.13551908690627368 0.41276683265604763 -0.6498599336495157 1.3073469095950259 0.5423302280329687 0.591272515126708 0.27279149067281994 -0.7479643510905198 1.5130117885784786 0.6881669170021167 
-0.4408818418435376 0.6024235887166172 -0.13551908690627368 0.41276683265604763 -1.1077895352784886 -1.3019089843214569 0.5791056822547871 0.8304994470096867 1.8691272750741108 -0.004537250941320181 -1.2245776814814215 1.7904752745252166 -1.0838421792179163 -0.30848856679451675 -1.9025782122801895 0.8399816895649326 0.07793685070386092 1.376484440227661 -0.5522687826291031 -0.4222452155952734 
-0.4408818418435376 0.6024235887166172 -0.13551908690627368 0.41276683265604763 -0.4666036299407783 -0.1736395883146229 -1.3312542835669814 1.475787056635475 0.30002797931244496 0.9552144481680886 -1.748935638003731 -0.43439029516842487 -1.2856984882453055 1.0390048737233766 -1.893730828415538 0.6967619823584323 0.4737415592021774 -1.4861765935297528 1.5292223298298726 0.7760368260969748 
0.30002797931244496 0.9552144481680886 -1.748935638003731 -0.43439029516842487 -1.7947989677333696 0.2548356971866057 -0.5118696243753043 0.4369116422113426 1.897886886793842 0.2411193207225022 0.6895701371136806 -1.7406063071112956 1.250682289684435 -0.9841622099876988 1.892888632635859 -1.276932332399947 0.5850313532353866 -1.8854202894315848 0.4146702451012816 -0.9181113595582087 
0.5850313532353866 -1.8854202894315848 0.4146702451012816 -0.9181113595582087 -0.04052453190917937 1.166221914377275 -1.972245066843794 -0.7078681483591764 1.765342749336909 1.822888450928854 1.8813978743988335 -0.29510776258696936 -0.010383850755487423 1.7623174495451543 0.8933261843332878 0.08016545656625418 -1.9514213996114704 1.5353840223359758 0.19372302193903268 0.5295902934483294 
-0.010383850755487423 1.7623174495451543 0.8933261843332878 0.08016545656625418 1.2525208644899286 1.1798679941791925 0.8315039325733462 -1.8697170386252981 1.1017680172581539 -0.881986726691474 0.9380932608633334 1.7718606341113903 -0.7464265854103913 0.3526563053659868 -0.49919406040619085 -1.8792796024101501 0.1916714225331373 -0.15656616294671544 1.4792390238504187 0.8996188973465795 
-0.7464265854103913 0.3526563053659868 -0.49919406040619085 -1.8792796024101501 -1.5775330774357261 1.513295516782775 -0.5210685284730885 0.8650136235976582 -1.7498278162873513 -1.264831148172095 -1.577968201017693 1.735357140107101 1.077750998130469 0.9393317270226573 1.2199244957656976 0.5562658182857172 -0.2435839299870226 0.8662439675382569 -1.2349748985163047 1.4139408685049029 
-1.0209558914496077 0.6514732238346843 1.6589024513232458 -1.6031954423829422 0.8345436128985875 -1.3512850723866126 1.5147614145182202 0.5962581971637779 -1.3995166070513352 -1.8273547180519305 1.8598816136108018 -1.469285283417066 -0.15010110555028122 -1.3687712683567463 -0.03691346161865283 0.06253133058633864 0.5858055633399384 0.3692512302211606 1.1003020106054966 0.27937742652876896 
-1.0209558914496077 0.6514732238346843 1.6589024513232458 -1.6031954423829422 -1.0817808336887733 -1.2596462643390374 -1.4673043210126075 -0.6390510280427812 1.0982039526852843 0.5816300953096851 -0.4547809731164807 1.3460316945166015 -0.30371494101777197 0.5911080109271887 -1.3526025348364157 1.3975886933475525 0.7004225922672989 0.8914273011926532 -1.6775507888455703 0.40017770562835464 
-1.0209558914496077 0.6514732238346843 1.6589024513232458 -1.6031954423829422 1.7865887261098292 -0.5951386307021038 -1.3194390466760342 1.6364792828632928 0.18368115187078926 -0.03370665217460811 -0.2023747298986054 0.6981627998496207 -0.5911460293810822 1.940307409836969 -1.1170886687928911 -1.8499815187441522 -0.562224136841714 -1.6607035847071274 0.1082994328434963 1.6211091373331836 
-0.562224136841714 -1.6607035847071274 0.1082994328434963 1.6211091373331836 -1.5351615303070902 1.8422167234275397 -1.1793853470896232 0.1573962758257248 -0.8512082575957112 0.414336473217495 -0.2197313555230247 -1.0693098368929008 -0.37208367488886873 -0.2057522904623177 0.31750172834330925 1.422707562306305 0.5174563972955735 1.4825263409090002 0.04163277519700026 0.5513390204158108 
-0.562224136841714 -1.6607035847071274 0.1082994328434963 1.6211091373331836 1.8240885927879384 -0.6446564172431684 -0.8750937712162896 -1.9337251168172709 -0.27687327555822483 1.0322752851523225 -0.7946703557702763 0.5577498586791951 0.3785170583194404 -0.8198454675684643 -1.774987283973283 1.6363712230232563 -1.8404263783372583 -1.1383358417142504 -0.9152800342286431 -0.2607456162926707 
-1.8404263783372583 -1.1383358417142504 -0.9152800342286431 -0.2607456162926707 -1.1363164965860983 -0.3721515397194679 0.7259183798634745 -0.8048847866758093 -1.8225250003928233 -0.9393344979378697 -0.7502225647677845 0.0447834061114607 -1.755751877713363 0.05688628055346401 -1.5039403932449744 0.8938549028690259 -1.9222609862090154 0.5523184764183857 1.5386620908947846 0.4246235608172224 
-1.1363164965860983 -0.3721515397194679 0.7259183798634745 -0.8048847866758093 1.1081792540354454 -0.22010321568133095 0.2871940222002376 -1.8155259705895284 0.8177267535523742 1.2527592508685745 -0.5524388124975763 -0.42126477022102815 0.5981486640658127 -1.281985763270162 -0.9848567580159613 -0.2251296034111614 -1.8478040341668422 -1.3035689796902945 0.5804523261486922 -0.7859732014013527 
-1.8478040341668422 -1.3035689796902945 0.5804523261486922 -0.7859732014013527 -0.893781239904405 -0.4286250536683429 -0.3250551812660687 0.4604466102715081 -1.013088425489773 0.12795675851309518 1.577068547922329 1.3624808253583183 -1.2963328681386281 -0.3260992052543745 0.051108667139766695 -0.6327121309664525 -1.3027200064661209 -1.5132713982375448 0.559230977662013 -0.9127764689268454 
-1.2963328681386281 -0.3260992052543745 0.051108667139766695 -0.6327121309664525 0.5836127361291883 -0.12907370345846436 -0.9377122052898677 0.048960367062729215 -1.0122176914439067 -0.06618150758587005 1.9267922057062958 1.9265623455742467 1.0620090789590915 -0.3183935423160169 -1.9745553001624008 0.7117612669201234 0.6175653424308143 0.3971291513876176 0.9471043773611543 0.3987869873893435 
-0.6872195900834739 -0.30101124318352657 -1.6340390472980064 -0.6607474236105584 0.018962435930538035 -1.6886926289056499 -0.45435561663209256 1.6876496000155314 -0.38855193307087266 -1.8424518243465653 1.1698619632110852 -1.5407885335354439 -0.6098304491550461 1.1289192858603383 -1.181883165572592 0.05895376171478217 1.4369943483397831 1.9668683420361894 0.7198763492780382 -1.2618457598574668 
-0.6098304491550461 1.1289192858603383 -1.181883165572592 0.05895376171478217 -1.917881843151224 0.5260250357117369 -1.4086322937981088 0.5374501218052581 0.7014451689286094 -0.8552943965622459 1.0759631745185803 1.9920279114875128 1.4993465038359726 0.5227231099824179 -0.3900112235478699 1.9019743788936103 1.19554671099172 -1.5113020369348935 1.5101583328703105 -0.15096619026665037 
0.7014451689286094 -0.8552943965622459 1.0759631745185803 1.9920279114875128 -0.8211594374139346 0.6341270102205145 -1.7608292480201615 0.4718910844215438 0.7750819795190047 1.6053440571623763 -0.9605497072615354 -1.3882575793774414 0.22866836403606694 0.43239808294374793 -1.965375768785166 0.0018518339070197065 0.35878508690616195 -1.8677085919799206 -0.18560202534652914 1.5070493570765353 
-0.8819227718377443 -1.5989332999311405 -1.462033101866738 1.364657401437221 -0.6859942475872387 -1.7464929093743442 -1.3950176583860947 -1.6071757155891642 -0.14102620825632828 -0.870266845774522 1.6771307380582705 -0.15328549155007032 -0.18641609057138497 -1.1268867687566972 0.6187167572786447 -0.8874530102469045 -0.9432343900567437 1.1386234842402732 -1.39243603854329 -0.8250618970219219 
-0.18641609057138497 -1.1268867687566972 0.6187167572786447 -0.8874530102469045 0.37414303813639815 1.4433643383411456 -1.4806277751621413 1.0292512685945185 0.23893616093003667 1.162025998619983 -1.591821656170327 -1.403432168035057 0.8381145101886358 1.4997846942677597 -1.5748670371340707 1.1655112867102337 -1.4577922381511619 0.686939234386966 1.3573048428394356 0.09774054234432272 
-1.4577922381511619 0.686939234386966 1.3573048428394356 0.09774054234432272 -0.8845727442576106 -1.372386462470756 -0.654232060098932 -1.2141179772971231 0.5638148009618309 -1.689279337836295 1.3013393372324877 -0.990036806640691 1.3650951546408154 -0.35723439426899883 1.2829831717341307 1.4808263282721748 1.3825588498601844 0.22031804031882318 0.9134311390807897 -1.3639363808872345 
-1.4577922381511619 0.686939234386966 1.3573048428394356 0.09774054234432272 0.8211890743357562 0.6421010352797456 -0.4741757255176289 -0.9587819786309 -1.3156328187558683 1.9983489183870704 0.46170447981222207 -1.4898124379962616 0.2547598118793246 -1.2755632692723524 1.6493520014327272 -1.3252377820617576 -1.31214235208255 -1.6675254710499718 1.353984040647164 -0.9794422003547139 
-1.4577922381511619 0.686939234386966 1.3573048428394356 0.09774054234432272 -0.7290797623497953 0.25432478777740597 -1.733108076269993 -1.458029898076882 -0.5699224092551267 -0.143887732092427 1.1642556615822715 1.4041045311255829 -0.834819668214835 -0.410502521839355 -0.3168562819446432 1.0927373805087166 -0.7092084262560876 1.780514325475905 -0.5836666547478297 1.2564597627273701 
-1.4577922381511619 0.686939234386966 1.3573048428394356 0.09774054234432272 1.2963682839306587 0.6302171614278405 1.4598492520606188 -0.18790510309189523 0.8660551478617302 -0.39246443874046966 0.4046319515318215 -0.3231334176381915 -1.9401439263854336 1.6028608169940863 -0.6113210771011008 0.3772426920191636 -0.9832734207879019 -0.7308440056439505 1.9914749739478466 0.2923929344284484 
0.8660551478617302 -0.39246443874046966 0.4046319515318215 -0.3231334176381915 1.2697951895971862 -1.9748778809866825 -0.27318664964309347 -1.864826741362386 -1.2769103989365478 0.5613839587208895 -0.07691806268690682 0.19675012896991007 -0.17413887274994178 0.2741464425041946 -1.0296833844521038 -0.2567766461300831 0.7044579763721086 1.0544005988148868 1.0919879793115035 0.1550451085121609 
1.8281908564174625 -1.5634766103047344 0.6559820292544818 1.9662758131652436 1.328697762329432 0.7473997092703519 -0.9045729188418532 1.3035228310505342 1.2813331787734912 -1.0946368661244357 0.14285321516470217 1.1084185757381992 1.5005687555069196 1.8198391502706546 -0.41280462016172503 0.8716057375115658 0.007727201427036867 -0.9546254812993369 -1.0726241255061861 1.952728119672372 
0.007727201427036867 -0.9546254812993369 -1.0726241255061861 1.952728119672372 -0.5363392938543909 1.2780929434983235 1.7624189359581393 -1.8917262984279062 0.6119511568753873 1.2747998820664703 0.7614861404557276 0.49290788726057055 -1.439053833371851 -1.687032361029979 -1.6819669904731716 1.6025103330595525 -0.29130644206562906 -1.5827177964725347 -0.9747793117925521 0.14282470056846241 
-0.5363392938543909 1.2780929434983235 1.7624189359581393 -1.8917262984279062 0.13142939650697194 1.4626115172429328 1.8864330295110907 0.018785778432408584 -0.5742055262460868 -0.7093484626156075 1.4476878176915813 -0.1885947062986717 0.8002531805240922 1.886160544454392 1.4760733829649868 -0.3907767176502803 0.04805631768100316 -1.0100085989868441 0.5405776136496332 -1.3644495504176444 
-0.06923767258426361 -0.40676258235712837 1.7308919541924643 0.1836062671079035 0.43887312451771887 -1.0295306827339648 1.0913668455603314 0.557836663369256 1.3749989096176396 -0.08914067343167043 1.3206808593597592 1.0209524275644029 1.0402959166019206 -0.6031999611552088 -1.0722355440648883 -0.7415643250131558 -1.5204909437543375 1.6617877552955753 1.6424982481090793 0.40094649182180264 
-1.5204909437543375 1.6617877552955753 1.6424982481090793 0.40094649182180264 0.5042082495261218 -0.6521884878692332 -0.8215265379082628 0.6474686365504936 -0.03669813744838368 -0.7693908923381851 -0.9022581319401661 -0.882651797301889 -0.30655219149348945 1.046455494655532 -1.6013353973628317 0.48509629374898333 0.5313106625235058 0.7933755930602868 -0.5218099379719323 0.2385327677281519 
0.5313106625235058 0.7933755930602868 -0.5218099379719323 0.2385327677281519 1.7364504572211743 0.48610846293817866 -1.1999610271686851 0.3128894046558468 0.663976803927175 -1.8651408737128228 1.6733117873532346 -1.416995492323335 -1.808414127000944 1.2389757947711808 -0.44186923966553726 -0.08899851181764262 1.7492512075288649 0.9292612832049074 -0.6623687185774463 0.6513047565017094 
0.1856203024161558 0.7856422756573895 1.6630061894060848 1.1270138166565729 -1.9450668989757083 -0.6018016261408974 0.6006071699394098 -0.08244302282385485 -0.7270745870253599 0.6613178035387772 -1.3901849695561705 1.062875028297087 0.09643382052440552 -1.855702562167501 1.1240051799370674 -0.1314994381479444 0.3297323542895465 1.9436120921685704 0.5766832050908453 1.9878077070125237 
0.3297323542895465 1.9436120921685704 0.5766832050908453 1.9878077070125237 1.35347497382944 -0.19564008229150476 1.7771564503140498 0.9021410909967305 -1.5447641114398025 -0.8569119625453476 0.7915223587109756 0.8317581104139866 0.24159336231559836 -1.707147122822413 0.04084408924910177 -1.2756828414120505 -0.7033645774829504 1.9927157320848212 0.6171498003084057 -1.144404823725797 
0.18423091089352983 0.925621707553439 0.8140206298466075 0.19360992046224235 0.4269139838169851 1.453916475254387 -1.5800801529855306 1.4977750155292902 -0.5326694308390105 1.1973748433859264 0.7677708977923272 1.3843086581493154 0.546822618515189 -1.7939558016898114 0.9805798100582042 0.2209949143699208 1.00328561868651 0.6198541947192724 0.087435950260486 1.817239312324638 
0.18423091089352983 0.925621707553439 0.8140206298466075 0.19360992046224235 -0.729450584500845 -1.753266776845654 0.5340749003654754 0.49678380442838677 1.5569554473321188 -0.09430759534618671 0.027604328429552627 -0.4844508857751868 0.06547348059224545 1.0764937451722254 -0.2533386744625803 -0.1394916971355622 1.5430369054123712 -0.6215066340347644 1.289459963713024 0.7788125023811316 
1.5569554473321188 -0.09430759534618671 0.027604328429552627 -0.4844508857751868 1.3293931720996714 0.8079223348012139 1.9764264402417702 -0.3199376275856647 1.1805154963548645 0.4461989719320729 1.3805690552663759 0.0018931671473603195 0.12361353270458153 1.5888494602912542 0.40554625190175164 1.742388045029287 -0.3421985565801804 1.3160218962732282 1.8909046495450865 -1.773426008092256 
1.5569554473321188 -0.09430759534618671 0.027604328429552627 -0.4844508857751868 1.506567194726649 0.5356334615479814 0.3772431489820516 0.5852805785438089 1.184527992035655 0.5045332903802215 -1.6733506102779416 -1.7203251720913166 -1.4901404574817452 0.6106779458494072 0.7917610637287229 0.17764171211085378 -1.089001287306734 -0.2731417066967663 -0.7242317396576503 0.998851232711536 
1.5569554473321188 -0.09430759534618671 0.027604328429552627 -0.4844508857751868 -1.219581726827636 0.34240871826626007 0.02987244897250596 -1.5665327661728194 -0.9957051456782824 -1.3559136060639045 1.0364037873028393 -1.6871970444546336 -0.2935260847817105 1.1347836933127855 -1.7244682212075562 -0.6263221740879614 1.4855037188842184 1.3691153187102874 -1.5410032329595822 1.4515094939583726 
-0.9957051456782824 -1.3559136060639045 1.0364037873028393 -1.6871970444546336 0.85859447603436 1.005999667994057 -1.5173204081389038 1.5060930521009435 0.09930852530167522 0.8769944567240855 -0.9978075727634268 0.2866789358501456 0.025227339910431468 1.6609170810993166 1.3944164049827235 -0.4710783804009884 0.6233370120515085 -1.3850106008695233 -0.9758655148573832 -1.919969066729338 
0.09930852530167522 0.8769944567240855 -0.9978075727634268 0.2866789358501456 1.6300830791965288 1.293498847921827 -0.17863648418366074 -1.9697281055200442 -0.2993166849877418 -1.4337025554730767 -0.8744695913102154 0.12315475044661994 0.45753541163809563 0.9621548694205195 -1.7943286594204073 0.5141951949152004 -1.4058596603313553 -0.07654344776154343 -0.6253459349330139 1.9542193751051005 
1.6300830791965288 1.293498847921827 -0.17863648418366074 -1.9697281055200442 1.1488576982693792 1.5571968676255437 -0.5286820896626612 -1.8880696692828645 -0.1609062317607015 0.9059607812008861 0.2647004005089526 1.7839451491926432 0.9668867872525655 -0.746998760101921 -0.44025683740288235 1.554430207295145 -0.3990747481261554 0.3264271565007757 0.9967540319041985 1.455570216708249 
-0.188676209080179 -1.4507807246608748 -0.4953420933801498 -1.0828642888032665 -0.21138843751088965 1.0285687310966773 0.7452414185158118 -0.9876258283799535 -0.6250525438388914 0.76187196026095 0.5237930972116187 -1.1598940139894984 -1.9220057726987703 1.7037786794455068 0.9642003377644923 -1.480638968142547 -1.3732440257999459 -1.763168724902167 0.4696786809941629 1.9771883303613156 
-0.188676209080179 -1.4507807246608748 -0.4953420933801498 -1.0828642888032665 -0.06741563674217499 -1.2423871655468344 1.3504473330625952 -0.1256873501585618 -0.7248308274562469 -0.6393180480786218 1.5417129859753946 0.9267156934454119 1.080331713423647 1.114808004681203 -0.7982335621628867 1.6480535640672342 0.6939229752252047 -1.129986405483105 0.14103214138895037 -1.156814998372047 
-0.4710991528304125 -1.0388187055783162 -1.727607638600186 0.36844043299363927 1.3406180485120651 -0.26938023657269605 0.6468065002949976 -1.6415868086301275 -0.8180090422412976 -0.04199204870579676 0.989234535543301 -0.4895840146462187 0.7026223192577743 0.9293441052351157 -1.4818557277285125 0.42754152107245247 0.8773155933604322 -0.5938404266487209 -0.3990020094766469 -1.3303650772407578 
0.87556188512385 1.1343369560131116 -1.190721276663731 -1.948601138514877 0.30153629997368725 0.9454266812199323 0.5335838797967942 -1.4805432532750444 1.4621861488255727 -1.175414642767619 0.7718336788259692 -1.1397206909191606 1.4017446707225707 -1.8715437227430747 1.8376625215154956 -1.7908540400743727 -0.3799037802722971 -0.15962799282461937 -1.9946195107050948 0.8121898675926786 
0.13189282338215502 -0.265781820204281 1.8263177222909768 1.5678362083511774 0.47517860143441837 1.6714880396665697 -1.2677110341820366 0.34031565872629566 0.6763827938612126 0.05369993649776328 -0.2167934807538745 0.7263465469804355 0.5173283329571245 -1.0758204059204783 0.08755394248533843 -0.2350938174202839 1.0670311169191162 -1.3967091191841527 1.2385035908825692 -0.9563659561966391 
-0.7919289234490781 -0.883444509299093 -0.6500956287049235 1.8375605530616492 -0.8197364021531417 0.7356881434168954 0.2836617887927968 -0.9538582323428719 -1.0622324595820345 1.26202116918383 -1.0481148391098238 1.6503570731292028 -0.9826119942136202 -0.6995803256688338 -0.7679517497847717 0.12957998541156224 -0.19218151460378063 -1.2524338091920284 -0.2650687159393703 0.06266126288271057 
-0.30825921641854004 1.7103372040633005 -0.7490798275540778 1.9456176856508307 -1.4440331108265942 0.30206537999413685 -1.0505403620816103 1.5474894646210395 -0.7192690066767229 1.3772879804643434 -1.785152469283791 -0.5047108980181192 1.1220875640515167 -1.3379226178517425 1.3899245633320692 -0.23928061710092985 -1.0750522638778737 -0.006436291183519849 -1.5665274921640964 -0.016934000168163266 
-0.30825921641854004 1.7103372040633005 -0.7490798275540778 1.9456176856508307 -1.9178400364697725 1.032343523254739 0.8049229845097883 -1.0975172971740732 0.4969683076908127 0.2973876364711776 -1.7496085821813256 -0.19147126474898402 -1.059255716814612 -0.40200611393579067 0.905756932246184 1.1083464409723685 -1.0123116022391585 -1.7894267904451207 1.6315381523209074 1.2655500855337212 
-1.9178400364697725 1.032343523254739 0.8049229845097883 -1.0975172971740732 0.019473024371886805 1.1255001120659927 -1.9126229635261298 1.8730126137264151 0.5651249876151896 1.715239374843255 -0.5430578368847891 -1.7134439966086856 1.6093701486375886 -0.8218658419429681 1.253669374261261 -1.5572769964174396 -1.2313394801938027 0.3890956758614066 0.7065615863521475 1.6693463000416267 
1.6093701486375886 -0.8218658419429681 1.253669374261261 -1.5572769964174396 -0.4935540998024468 -1.2260767890454645 1.4939614041636622 -0.1976278883855347 0.44275060235373287 0.3882152223779376 -1.5701230871083802 -1.8015429344042468 0.14912194146364977 1.667464643538234 -0.4066923534460143 1.44090393198781 -0.9585513202121763 -1.6989712897096174 -1.2596364790594832 0.23388563597783518 
1.9726043895898568 0.08859011796779459 -1.3206841204511859 -0.8706095291244225 1.6121846238927833 -1.9516711107279998 -1.3265911869354454 -0.8819299304233157 -0.6373775172671072 -0.8004397097989839 1.198889456398664 -1.1118878705549946 1.626378608456056 -1.6370408868390802 1.8930462179194478 -0.3873719275320333 -0.022281074778952803 -1.0703669682781012 1.0028197530760803 -1.4102115342563275 
0.25463242217256754 0.4549959920361979 0.4735511202811895 1.1533362339092643 -1.4959960044269627 1.3095654634450349 0.13878188590813378 0.06708013553963799 0.7687496837601921 -0.5149222486555778 1.6335446307912251 0.7904192619587915 0.8798132378650889 -1.780006577475282 -1.538197360774967 1.3879207870696728 0.9281815190496854 1.2932071689127165 -1.1255979213279166 1.0415992617470042 
0.25463242217256754 0.4549959920361979 0.4735511202811895 1.1533362339092643 0.06832582981289503 -0.7232333555852879 0.5131006537844947 1.8455286679138108 0.5120186950674483 -1.517080664000503 0.41362025512044376 0.2598227831239073 -1.0103930470821174 1.4733179497693025 0.37337775559860686 -0.10778638115782169 -1.067218240410301 -0.2575351151946852 -1.8788791003303373 1.7612193760086203 
-1.0103930470821174 1.4733179497693025 0.37337775559860686 -0.10778638115782169 -0.9865968257539519 0.08238842491826226 -1.0791232508012993 1.833197352715107 1.359490465738185 -0.4346210714262173 -1.7377851633419064 1.3656169603819723 1.9297536716342272 -0.6872949290478729 1.6696449778777271 -0.0189138788922234 -1.3460440143583932 0.5202645090832223 -0.22315852768268707 1.8924364719732072 
0.5517165321363837 -1.4595742764702107 1.4301746653308736 0.014244031452657957 0.9201568552369466 -1.7272411533161391 -1.4681770757654027 -0.5701508497538539 -0.030227247854990758 0.03178526396416048 -1.8292844172632639 -0.744881132196566 1.5333833421367218 1.0430228342792875 -0.1356971458112728 -0.6960611406442805 1.8753653448134506 0.6906360934473028 1.05329520454417 -1.8714309331219634 
0.5517165321363837 -1.4595742764702107 1.4301746653308736 0.014244031452657957 0.6986845118788159 1.9050508119949359 0.14955802310876054 -0.21723511623683134 0.5003428814850923 -0.7949809500029654 -1.312617263802768 1.7425709284821043 -0.5532404719688535 -1.5668855306136402 1.4806169233845443 1.9582224540790238 -0.5438576201004799 -0.8618641352453942 -1.994635732782748 0.4904040968303063 
0.6986845118788159 1.9050508119949359 0.14955802310876054 -0.21723511623683134 0.8262388316308615 -1.2825212079678465 -1.7464794122455545 0.930314250065778 0.18929633041044713 1.299529525308467 -1.6784258689807112 -1.1366659977733602 0.416903116094824 0.44216819319155043 -1.7612585817356776 -1.6832838663804255 1.4088441147725832 0.6819082592943984 1.3194317343066335 1.100402036991274 
0.5608456505644019 -1.0005071226744406 -1.3053109036267792 1.6997023981680868 1.859424396089048 -0.2344127638921245 -0.5058921253390825 1.681915094604621 0.25340077257028826 1.9963676467759432 1.1698013248457846 0.054087639506893215 0.9256347032503878 1.1392717226119329 1.448868227103592 -1.034280291391203 0.10910034001521351 1.1276282847088068 -0.4786272602610211 -0.11598704436121077 
0.5608456505644019 -1.0005071226744406 -1.3053109036267792 1.6997023981680868 -0.0863556059911188 1.9898003563628732 1.366750538339284 -1.2401107267527034 1.9948507592840783 -1.9360450619426817 -0.3612464354933578 -1.8551735471911819 1.7692019993260182 -1.6352830188897016 -1.4010161784576685 -0.3870286435688972 -1.4395868285558029 0.5943754210788303 -1.0176672084701344 1.0844617247696813 
1.1155537586549498 1.5932097512051242 0.22390796541497915 -0.7391615984575504 1.728630303539851 0.40549760300556636 -1.287160884769277 -0.8322338369776525 -0.5058212169349416 0.24966563806585818 -1.4773194078235177 -0.08224178764040335 1.0923103894865354 0.6478722892188968 0.15235450617188562 -1.6537555831678716 0.18722838315368273 -0.7954721049815094 -0.42668551487812545 0.93059395704595 
1.0923103894865354 0.6478722892188968 0.15235450617188562 -1.6537555831678716 -1.7753730574328266 -0.6656377625383225 -0.13394874742786467 1.5873871734680676 -1.4161552012808007 1.7228086497027735 -0.6453081303063404 -0.028304288332918315 -1.0948044253463993 0.5620076213643732 -0.6539244796807657 1.9779598086167316 -0.8041501139756249 0.23894022111210234 -0.43239029898342407 -0.6548282325219574 
-1.4161552012808007 1.7228086497027735 -0.6453081303063404 -0.028304288332918315 -0.7815933452571584 0.9642604922211602 -1.5400878597955008 1.305928608974341 -0.7709283458712561 1.6005102667459985 0.6423132117199595 -1.55216793017537 -0.9494046313102182 -0.6669491052786252 -0.5060694072720069 0.1351986645361687 -0.8294977692619621 0.031283490471655906 0.35311547354725636 0.9067208517594683 
-0.8294977692619621 0.031283490471655906 0.35311547354725636 0.9067208517594683 -1.4086440541723797 1.208420287968063 0.19718646332155876 -0.47168793571003453 -1.2501792114569863 0.2610101620524867 0.33375470285906106 -1.7330176683155187 1.0368481239537433 -0.4058403557422685 0.5570403761629952 -0.8731657576678487 -1.5506112227056073 -1.7539136989142112 -0.9990871568838768 1.147620357101634 
-1.4086440541723797 1.208420287968063 0.19718646332155876 -0.47168793571003453 -0.1394611871023974 -1.564501424343328 0.35579629223556486 -1.6925573453236935 0.7209140905617017 -0.33048706087971125 -0.1454361936038553 0.46579277622989723 1.749072502881377 -1.7441162214672534 0.2761175531426212 -0.9280022681751583 -0.3622287662098702 1.50648369390264 -0.4182559944995319 -0.14055503865705088 
-0.3622287662098702 1.50648369390264 -0.4182559944995319 -0.14055503865705088 -0.8799532472227365 1.8982580458599285 -1.0728336939281364 -0.7239527293985235 -1.58098893219141 -1.349340687433258 0.6382803460871136 0.12462180188431882 -0.062294659721452206 0.41356878856840673 0.11749664242461577 -0.9853123731524471 0.441444869554402 -1.1034772115417817 0.161450581973678 1.862030472112857 
-0.6954087224679526 -1.964548340947018 1.1869720640585704 0.34091789116953564 -0.38993807132014924 0.15601162520376866 -1.5910042781670648 -1.2464559378555373 0.5673434374321293 0.07854303202348234 0.3221789679897893 -1.946532581255334 -1.798485743777456 -0.9404824635425659 -0.7135305488206942 -1.4767491632790999 -0.42652136409317 -0.025195890885448602 0.4183254631136628 -0.4028105982554666 
-1.798485743777456 -0.9404824635425659 -0.7135305488206942 -1.4767491632790999 0.8040714740590853 -0.6813742340540387 0.12215301063409356 -1.2188843959235278 -0.6901014475780478 1.4720384601271226 0.3026519170385993 1.3920963578820724 -0.8897738339091603 1.5729567096689219 1.1360754725738191 0.07288058947902298 -1.2560993093985808 1.7481012298772112 0.9265903044678101 -0.08558372880742127 
-0.8897738339091603 1.5729567096689219 1.1360754725738191 0.07288058947902298 1.7564682009290729 -1.1977739512291627 1.4042585194438737 -0.7121821776729842 1.1503433911368068 -0.9816210725687342 0.035711475825889405 -1.0088845437665355 -0.4646965391214577 -1.0375205242899912 0.6027836911819144 -0.5367915515273274 0.3498047150059973 -1.6236498498123701 1.9398118217385818 0.40192437791264224 
-0.4646965391214577 -1.0375205242899912 0.6027836911819144 -0.5367915515273274 0.6296113095608806 1.200535095568684 -1.91840634489059 -1.5272887195764429 -1.2854948297037914 0.7433104375475086 0.8200998458767463 -1.6000043264318435 1.2404439194402292 -1.4458327218456297 0.3582066327955613 1.1905943513391564 0.12072140787459285 0.006394476789064019 1.5269920321760222 1.1948051345301036 
-0.7922181147383389 -1.1572779034850504 0.32287471253303535 -0.4311746233947762 1.468966060271355 1.3533854938033847 0.6955600619585893 0.12452648073542205 -0.13779823503226485 -1.7886430711085737 1.7371427641663915 1.8048922253175563 0.029772773312960243 -1.7146102798727694 -1.809209494389553 0.20860741960242857 -1.2126987929580788 -1.0527278027853906 -0.6935117303749356 -0.4015762474525797 
-1.3634078218543157 -0.7013478268855913 1.0096139063859164 1.5175319448938493 1.4203827095022068 1.916316495416853 0.49783997638675315 0.2794648724568849 0.2060785470112112 -0.2956995417863735 -0.09733133270222138 -0.6871652635122589 1.5937190421021135 -1.2239280717631003 -0.5531323098855472 0.14867119446831545 0.6070177403230801 -1.4686882605001794 1.1600193019393212 -0.1798570053939348 
-0.24923933332606385 -0.42260381630752786 -1.0075400719002254 -0.13403386297629227 1.2990384478490693 -1.3003723695839229 -0.3663109337584256 1.8233807109204503 -0.1777678078732512 -1.0177973214546858 1.5775982644531608 0.3354866855186178 -1.2561698179933152 -0.7110502509624177 1.0597311925267512 1.063806173695328 1.9037731054644826 -1.958035359734415 1.1273446500559388 -0.43525966480666956 
-1.5950599290157728 0.020980196097239112 0.2679120954897267 -0.15307415327235274 -0.1608638881814457 1.8174071221364563 -0.841425498616029 1.7584052214122803 1.1365544905773821 -1.4703666845228427 -0.2726068917218285 0.996697323602663 0.7505233502513549 0.5467686352996792 -0.09405032642365274 0.06589651286289389 1.2709531364635258 -1.7980323350404324 0.41627997849999465 0.6051381773454318 
1.1365544905773821 -1.4703666845228427 -0.2726068917218285 0.996697323602663 -1.7927443752618415 -1.0733751481599554 1.048197736152812 1.4794546781773308 -0.39293695478375756 -1.3785024151038558 0.5985948810218726 -1.6057328864484366 -1.313177419347737 1.2353733855714863 0.19789698942028977 -1.2827175464301845 -1.6704408065983114 -0.5515120294890274 -0.24418020436076482 1.164272596199993 
1.1365544905773821 -1.4703666845228427 -0.2726068917218285 0.996697323602663 -1.8881336532122384 -0.06408601250021029 -0.4001724598664578 1.3353440777860324 -0.3180585656261443 1.2926846340635523 -1.095910254057069 -0.9635126687649245 1.0672550155097245 -0.49643762919192724 1.679487017793881 0.16481912797474818 1.0093817456653937 0.773693100263602 0.26692107347769634 -1.4786677511385333 
1.1365544905773821 -1.4703666845228427 -0.2726068917218285 0.996697323602663 0.8272857787064725 -0.6870135628556828 -0.48101056403842346 -1.705990594551018 -1.5909493330368272 1.5389647894998935 -0.1812642191041407 -0.35393334765822404 0.17168438939550468 1.2931671811436165 1.0663301275124448 1.2921190103221352 1.1672161750624648 1.3782202497866125 0.04557832439648335 0.7667517516214231 
1.1672161750624648 1.3782202497866125 0.04557832439648335 0.7667517516214231 1.1751940030177113 0.7855163623080079 -0.1767199635298189 -1.684730018373699 -1.2631853450845738 1.014211338168567 0.9045438152502907 0.448276437117034 0.5098726802966183 0.16269317699477304 -0.49635257286678014 1.0363418248336012 -1.9163464527826295 -1.945023889665578 1.256946603986845 -0.8398846661932189 
-1.2631853450845738 1.014211338168567 0.9045438152502907 0.448276437117034 0.7306658711793736 -1.039968726554203 0.012786481610282951 0.19494352890789424 0.4645278630034002 0.6675187087603387 -1.9551718745129332 1.298985269662921 -1.3766922194917433 0.17573800547994844 1.8429534304700188 1.3496191907521005 -1.7170423683848854 -0.5886859673739346 1.5083038475973818 -1.9118420038261692 
-1.2631853450845738 1.014211338168567 0.9045438152502907 0.448276437117034 -0.6248026938090976 0.8611213290208108 -0.4826513976440281 1.8235901954302456 -1.953472925852017 0.2980125309956705 0.5152885529144586 1.9109858036660032 -0.7013519743562595 0.7714265341604345 -1.929748712549105 1.350530870582011 0.2334103823777376 -0.9005589156865681 0.14079009593357705 1.4656289420746824 
-1.2631853450845738 1.014211338168567 0.9045438152502907 0.448276437117034 -1.9747368034954236 -1.0500108290240986 0.36343776005079187 -1.6717763424084322 -1.7200964245817465 -0.588471581669352 1.8531949844674545 1.5590669236087278 1.389326671956669 -1.612292255559773 -1.2531609703058062 0.5254969008615258 -1.0620506860191128 -0.21299222043848776 1.0066416355550767 0.5301981056734357 
-1.744626635706846 1.0009459940227794 -0.9265737608181035 -1.008731147197143 -0.49958634176407024 -0.7231173780959761 1.2718801425569009 0.04459664739650515 -1.165038561972461 -0.993792096539746 1.8398769860063147 1.9958285064056005 -1.486547532088903 -1.7837921606424891 -1.9731083191558825 -0.7984369702407648 1.5186267300029006 1.4728624781766024 -0.05191981190202366 -0.9723283472479358 
-0.05059381097413551 -0.1254734274572078 0.7726125901596985 0.9730661743055671 -0.7362102764382592 -1.1380358198302756 -0.728941224801114 0.23312331122536456 0.7234972792378156 -0.32647293205256167 -0.23499270506692627 0.17489846939453813 -0.21731284000114925 -0.4781338626592819 1.8582325893752198 -0.11632882442322368 -1.8478196448592752 -1.526543388815086 0.9896233209954794 1.330112587800992 
-0.9110857401817252 0.863588665338817 1.4776433200797823 -0.43409079258122496 -0.427054524463911 -1.2199022054459219 0.4317145857260707 1.1598433676664603 0.79192029046086 0.29373358726286103 0.4489052391771984 -0.3252115177814896 -0.0435595166614533 1.8959371100853115 0.7444820525596958 -0.7034965196612983 -1.2704668339334502 -0.15369418577963234 0.08477491844687313 0.6445709189431348 
-0.9110857401817252 0.863588665338817 1.4776433200797823 -0.43409079258122496 -1.1954992506546973 -1.9957373181441587 -0.9048698080779642 1.9713765914652241 0.340117101037821 1.6626231764788582 1.9509248271685897 -1.0949775282881227 -0.7754975753711526 -1.0728702463518371 -1.4875628004920252 -1.3836259730584994 -1.3417090326405114 1.7348145291784856 0.5595824003874399 -0.6106104228477003 
-1.1954992506546973 -1.9957373181441587 -0.9048698080779642 1.9713765914652241 0.1422374434836038 1.1132219159869234 -0.5705857847926681 -1.8639954623932629 0.022991480154901378 -1.710017252788255 0.7979827223878888 -0.9490040866520637 -0.11343946461115717 -0.1009089270992618 1.481199399686366 1.2824476093026629 0.4862181074824763 0.5569839860008456 -0.6578475758575673 -1.8006768445349488 
-0.5290752797294891 -0.1452735609394713 0.47790630454135075 0.618994137358583 1.9822148801406936 -0.6875828983749552 4.4901883459846914E-4 -0.21406504658893066 -1.4308914892712306 0.8583079953600787 1.1506729688214534 -1.713143167933699 1.3434987343337248 -0.850532007876788 0.18278226729205294 -0.6027490821068651 1.9644767137395798 -0.017794346456443844 0.11235333738006936 0.573878605027808 
-0.5290752797294891 -0.1452735609394713 0.47790630454135075 0.618994137358583 0.7978671025096253 -1.721579866759818 0.8588669169987249 -1.9915677896884798 -0.12769833200413983 -0.11012533335058894 1.913990256044932 -1.1290473514640662 1.1135398923059423 -1.8730862936662098 0.18867670136791848 0.18563010404988756 0.08884526082386524 -0.8787855794859651 1.5972647641423152 -0.40628802456576407 
-0.9901784971792935 1.0722513389907213 -1.5755440372818201 -1.368970099566766 0.29633164285609936 -1.1135339360204486 -1.448051265123265 1.7952295234333095 0.10378735862287058 -1.250772970651854 -1.6879167174588434 0.4854199842192326 0.9993722675360264 0.0599706464232832 -1.615254965672615 -0.854633204979506 -0.0223054187200713 -1.4502779158182757 0.8103213330186669 -0.5491007595128843 
-1.118177371313624 -1.1911080106850518 -0.8024955787756904 0.6700876502236377 0.9926079216975894 1.6691417001888404 1.3273484216595501 1.0851676990356052 -1.3028436569029456 1.1148761031424956 1.803404803260651 -1.5481307723736903 0.6079612810591479 1.8487637611285481 -1.9939732265636692 -1.546842814677495 -1.6879992335002112 -0.6845120639222522 -1.9291553370710934 -1.5365715273028009 
0.9926079216975894 1.6691417001888404 1.3273484216595501 1.0851676990356052 -0.42850615825106697 -0.6267225373590217 1.8213316954341248 0.8560622601114751 0.081260621024001 -1.3908325567586761 1.7367002930736053 -0.9604942374740366 1.8017559720652132 0.67947593593808 0.26103492036287124 0.07000515145995356 1.0017875745864866 -0.7747947215893762 -0.8185330606629715 1.866661689413554 
-0.42850615825106697 -0.6267225373590217 1.8213316954341248 0.8560622601114751 -0.7182339210650248 -0.8050453259660038 -1.2023368770374163 -0.05693600393896192 -0.8417343256213634 -1.9758809807325353 -0.7022399683611287 -1.9213686546712516 1.8262416245420687 -0.136527081077924 -0.46817156966435824 0.4722782009577422 0.8608707355741152 -1.015139950549235 -0.18728121293118516 0.8846754582238514 
-0.8417343256213634 -1.9758809807325353 -0.7022399683611287 -1.9213686546712516 -1.5377528333894586 -1.6473014073166818 1.463974197962711 0.8926780299143493 -0.1022283409910445 -0.8334379864488675 0.45454851846705857 1.5946663016378113 0.7470520651622694 -0.6955497032529725 0.6737590102651319 -0.08494742051782866 1.096223064372568 1.178294380307181 -1.796392853938627 1.2714248533249308 
-0.1022283409910445 -0.8334379864488675 0.45454851846705857 1.5946663016378113 1.0969097282553677 0.18560074571557594 -1.459278769259019 0.21580087801650905 -0.8815328301459049 0.6275467148744314 -1.0759235075115163 -1.9856498728535512 -1.5158683129797375 1.6248177536933919 -0.4956205255323427 0.846312113798962 -0.9180337984945179 1.4446481289462563 0.6768706411117074 1.4766479858769928 
1.9588016905884862 1.8032828817510493 1.4266615186238778 -1.901512864472798 1.3762497614491762 0.9865829386052098 0.5321580703499764 0.38746574624682095 -1.419705827091355 0.7593218625364435 1.031067837064843 0.5493594923685223 0.08653804494109885 -0.8322753674769658 -1.5912699197807716 0.010792078098786018 1.9297527425433243 -1.960209667982172 -1.9958934567748403 0.2805844571536782 
1.3762497614491762 0.9865829386052098 0.5321580703499764 0.38746574624682095 0.5717118502124192 1.209330710154568 1.1032335086337408 -0.7770855321721761 0.2338341903684591 0.9372693743266574 0.27354560019593466 -1.4816096729302646 -1.6689482909780633 0.4332837973054158 1.0211086709393058 1.8044956830271301 0.4134621269135228 -1.288311813109774 -1.183327829028042 0.47099363784238824 
0.2338341903684591 0.9372693743266574 0.27354560019593466 -1.4816096729302646 -1.2841462914202815 1.9483984971904262 7.935120691158204E-4 1.3144688006191938 1.4360563594139237 1.4358360728219375 1.0227946972316544 -0.39457267405673635 -1.1626781197652214 0.872018194242711 -0.8005633844708591 -1.3946635505666238 1.4027344011288116 1.8179602316068437 1.5932861021942593 -1.0225933798534115 
-1.1626781197652214 0.872018194242711 -0.8005633844708591 -1.3946635505666238 -1.6906591582624797 -1.9992149845932183 -1.5305622555223715 0.10286584415379396 1.2697658030145598 -0.023616148485732236 1.5958922202627357 -0.8187944964428322 -1.333780448961571 0.6833969025985094 1.2886847674267012 0.024610292375949694 0.8582894529887408 1.5498495482291412 -1.9376416819135711 0.20513973420742548 
-1.1626781197652214 0.872018194242711 -0.8005633844708591 -1.3946635505666238 1.7082030240804538 -1.6906102175312485 -1.5543629731014574 1.219623940969012 -0.3416657046724114 0.8101344053744972 -0.9603010093242661 1.4539558053138544 -1.1511456896350327 -0.5124284156202537 1.611971904417489 -1.0128167646313915 0.029116171714079542 -0.23850464051190734 -0.06144056087976324 -1.4803007769681273 
1.7082030240804538 -1.6906102175312485 -1.5543629731014574 1.219623940969012 -0.5340405276054336 0.13784581764899784 -1.697022442429128 -0.3739057214454298 -0.07409894062997502 0.5045245773200704 0.6516883665441702 -1.071204581583629 -0.9062670532612933 0.9050155385798755 -0.8332196299383314 -1.9985272220006451 0.3132815591299254 -1.5014996516259744 -0.8296237705403704 -0.4229854509728117 
-0.5340405276054336 0.13784581764899784 -1.697022442429128 -0.3739057214454298 -0.3182778376802089 1.4921373805777662 0.2892758121587642 0.47369227176868023 1.2746546746078526 -0.22166415983480414 -0.6037923605775948 0.4496559935967679 1.214250577618071 -1.0561831137225512 -1.9480841918825726 0.6400927340623319 1.2524725628054232 0.4648577766030546 -0.39614160276114907 -1.1251438433568137 
-0.3182778376802089 1.4921373805777662 0.2892758121587642 0.47369227176868023 1.689549113484878 0.9339311406953783 -1.9285174872926794 1.122706717529916 -0.43265228449597437 -1.9049411155132967 -0.6909316610271161 -0.7869937256316635 -0.3017524850855908 0.21358898201029053 1.8292422628236382 1.7661672371744426 1.652596190563064 -0.2684874272187794 0.32036569204884735 -0.633953772797101 
-0.3017524850855908 0.21358898201029053 1.8292422628236382 1.7661672371744426 -1.036878094649874 1.0203892633902982 1.3513513937752637 0.9154850359107107 -0.48314207943315957 0.2760004215589884 -1.9170558756202518 0.6458299784745418 0.2703284540003099 1.8690435530191558 1.9849934393552577 1.5615543343816518 -0.9227389405305724 0.573453645608244 1.152941182456444 0.4308256987534862 
-0.48314207943315957 0.2760004215589884 -1.9170558756202518 0.6458299784745418 0.33989590212165943 -0.3374162085263599 -0.7328928869636591 0.8597944578372121 1.5589654505130945 -0.2422638367911909 -0.12539783717829867 0.15490812984026814 -1.6182206917643311 1.9889013533407671 0.8404878271021579 1.2380807275047 1.1842842661021238 0.5258693590846781 0.41005998142415256 -1.6049772611668671 
-0.48314207943315957 0.2760004215589884 -1.9170558756202518 0.6458299784745418 -1.4005376986378546 0.7122384843662677 -0.24167704038464466 0.44631922490399223 1.3622994348870114 -1.4396959540454617 0.5758034775713727 -1.0596507302287974 0.824705744124691 -1.9012774470753855 -0.5119428445170224 0.8123417154502315 1.114743766368039 -0.6885944007795866 -1.2083848094931668 0.5192534612484803 
1.3622994348870114 -1.4396959540454617 0.5758034775713727 -1.0596507302287974 -1.8830383583720458 1.7763196731425372 1.6160618861420444 1.109298785939831 -0.15391049920365552 0.1328943945672112 1.725879079030904 -1.9837159403341649 -0.29397813519934735 1.1459402186645935 -0.21988811579534628 -0.4672922539378117 1.350157464103762 0.5392017939847498 1.2700746611198017 -0.13804310023709032 
-0.15391049920365552 0.1328943945672112 1.725879079030904 -1.9837159403341649 -1.3186708783597747 1.921346706738285 0.18160025523035328 0.20274644549394072 -1.5041454554006148 0.4996970707245558 -0.6707690346465394 -1.3276031502763321 1.7815485926827783 -0.8169041669624897 -0.37629327753752895 -1.4283458361665642 -0.9403709549774137 1.5530519084984258 0.832282508433869 -0.26267184654389375 
-1.3186708783597747 1.921346706738285 0.18160025523035328 0.20274644549394072 -0.4815290615385872 -1.2620852957503828 1.128031256951517 -1.2985986240931875 -1.9062368166963397 1.6233815689806605 -0.787735805767011 0.5395109579461286 -0.6247146254179916 1.5854758423166628 -1.7509227426722158 -0.6799921876099955 -0.8608388007056922 -1.439477632163133 0.12600565081155723 -1.3500948870345817 
-1.3186708783597747 1.921346706738285 0.18160025523035328 0.20274644549394072 -0.2647540858352615 -1.8463221134061079 -0.8426594988778029 0.3902363829635278 -0.0937038165670927 -0.11004165872666682 -1.49894790940259 -1.4649155973081083 1.5176794302584367 1.483498400300682 1.54429299203538 -1.0936974113413651 -0.8527456335140955 -1.5923430670719254 1.977474657603763 0.2809758680660499 
-1.3186708783597747 1.921346706738285 0.18160025523035328 0.20274644549394072 -1.0517575517085094 0.693315175493745 1.4029385475504865 1.5022162076754828 -1.3998501218117307 -0.24093073760564954 0.09170193775590985 1.8523819515154236 0.9839532492494683 -1.2830001679881295 0.8224823352936141 1.922426061390102 1.9586482736194943 0.996223953431087 -1.9974162896175778 1.4937678711672482 
-1.0517575517085094 0.693315175493745 1.4029385475504865 1.5022162076754828 -1.6145043325148465 -0.5813151244189054 -1.5015949317349642 -1.5881643995104797 -1.8251035236104527 1.1814154611001078 -1.4774651344585945 0.45127779944714597 -0.5635601319276384 -1.3410899883433136 -1.6700600810539186 -0.5262903675570612 1.217195122561526 -0.3000251627209618 -0.8881296540435382 1.0697863273491044 
-1.0517575517085094 0.693315175493745 1.4029385475504865 1.5022162076754828 1.90252768189105 -1.3576313532624638 1.1375540150006276 -0.8834408586913485 -0.68562194311439 -0.8326102897007015 -1.1920574349254562 0.8152691688867248 -1.476625956968836 1.9510131218551883 1.25398961894525 -0.4053693312248918 0.4618533825269977 -0.8720142895262315 -1.7138466342994025 -0.6226563615485037 
-1.0517575517085094 0.693315175493745 1.4029385475504865 1.5022162076754828 0.7800326745795743 -0.18090123868166508 0.08162512719784187 1.5561544390859958 0.12749068690289933 1.8942249999124074 1.2714320952397666 0.44234749086905945 -1.988417034610345 1.996281098653339 -1.955631456757244 -0.42388227043813753 0.6023599683176242 -0.18166480655363815 -0.4343979328891785 1.2371205124004017 
0.7800326745795743 -0.18090123868166508 0.08162512719784187 1.5561544390859958 -0.21857331654639545 -0.4518373034518417 -1.3046195833217364 -0.9705686689087107 0.4859655624716006 -1.6312577546184377 1.4821273883790345 1.0672279284314259 1.7618703109834586 0.4217194754854212 1.78163823115381 1.2579280481335355 -0.6236433775315811 1.5682053594227852 -1.5021753453516231 -1.2927976771683323 
-1.721563236214867 -1.5165204886315569 -0.31123972812316314 1.65496356856399 0.14411230469657932 -0.8951463453825523 -1.0727125742050712 -0.729324766556172 -1.7897940612802183 -1.248842133818278 0.9358260570852641 -0.16688375734145522 1.8400698863152196 -1.4845600936540246 -0.12062642646895494 -1.9004507625648275 -0.29391152175838053 -1.9746283963696012 -0.3378510731966866 1.01420769353648 
1.8400698863152196 -1.4845600936540246 -0.12062642646895494 -1.9004507625648275 1.1036556233547787 -1.7856335640250425 -1.591998694006556 1.243447111840387 0.332877609542483 1.9464025352102485 -1.4080738274675655 -1.1604630064833903 1.9177238166344033 -1.6465682817500884 -1.7137014269408661 -0.5691853324017684 -0.5089642618004606 -0.12193322604473966 -1.1434574266728976 1.6265049738930846 
1.1036556233547787 -1.7856335640250425 -1.591998694006556 1.243447111840387 1.2334094387076782 -1.929614307797411 -0.3589252681828725 1.7987016140462075 1.9991550611728184 -0.3029528722284023 1.668826303062228 1.194743555726257 1.5897187664459573 1.7135197708922334 -0.35519649338284376 -0.4458796011314403 -1.126758021964561 0.08641033283078992 0.4458039554564923 -0.7592513076002696 
1.2334094387076782 -1.929614307797411 -0.3589252681828725 1.7987016140462075 0.8799167233468532 -0.43920130570171256 0.8950036339673324 -1.8315684915132073 0.563948526503081 1.0501472391527429 -1.000971449761738 0.11034880050751417 -1.286787540409414 -1.1439509771204524 -1.7808677377069957 -0.9781527231721752 1.4560771129330234 -1.8474690890462027 -0.43680449648553843 0.8728615836028188 
0.563948526503081 1.0501472391527429 -1.000971449761738 0.11034880050751417 -1.359113365737426 -0.19008962341856162 -1.2928264864470251 -0.14288430895223714 -1.3623198875354499 -0.13574981913530504 -0.013414625593167084 0.6934497836052316 1.8075226707554246 0.10875185139782939 -1.8170453377632936 1.2409661963587855 -1.6764180748225153 -0.9547243452840766 0.5855917938270521 -0.9808166477443172 
1.2969230059378347 1.5638251921801651 1.188725500918796 -0.6405437611299125 0.8394500082934777 -1.4099718555892915 -0.21650169351178405 -1.5068379940309904 0.800281768258436 -0.38911559860277256 0.6657032553062283 1.42025487029407 0.002150970716701117 -1.020990134908121 1.0425398125831795 -1.5734614117308499 1.7734364338622872 0.6541618913251406 -0.49248782382253964 -0.7301556553282142 
0.800281768258436 -0.38911559860277256 0.6657032553062283 1.42025487029407 1.8626960213308497 0.3608800026092349 0.3076117637898479 -0.3396086745593303 -1.412366741012057 1.564423022676535 1.6332132073515266 0.5926377915123067 1.0082431753483414 0.9489254101498839 1.012683775894867 1.106365493509339 -1.155334175897757 1.6586767281740267 1.738477319840777 1.42552839935717 
1.0082431753483414 0.9489254101498839 1.012683775894867 1.106365493509339 1.6420506041385914 -1.1192971885814655 -1.4548048035374341 -1.8834282666022175 1.6378188104208493 0.014312721540041373 1.5184440780168424 0.30612127762670216 -1.8092850483073217 -1.4931888702646576 0.11963382464263317 1.2551283430678768 0.8148605422836268 1.0315111680961278 0.5377156095491493 1.482601153787507 
-1.8092850483073217 -1.4931888702646576 0.11963382464263317 1.2551283430678768 -1.5075318506848636 -0.7637481580369734 -0.9261319872225529 -0.8539575440100631 -1.802938910693936 1.4688624359434614 -0.47493201699692333 -1.3936338658332708 -1.1208488823629663 -1.6146322761381704 -1.1552647611866198 0.093375407579523 1.1802046101716122 1.0729691994039041 0.7449358280628826 0.16591026105166407 
-0.014987725282372022 -1.2446976202440556 -0.1225486600183423 1.0453184150406543 0.6343232788762165 -1.7318159576739376 -0.8964602173991891 0.31170324915909564 -0.6187178560439399 -0.8248861539715158 -1.5261032999603557 -0.30810365534746964 -1.1225791231324878 1.704367071253067 -0.38333217801055675 0.350223572356843 0.30741677624238983 1.6132808261608198 -0.9636788869540562 0.9178589788075016 
-1.1225791231324878 1.704367071253067 -0.38333217801055675 0.350223572356843 -0.07294160409277461 1.2510068730447075 -1.9281938798099687 -1.3886111276713717 0.07864886481935818 -0.9700333644167363 -1.8398086776085605 1.8427950305368288 0.7063229474021968 -0.8627777246768065 -1.0343777529294815 -0.06297525276619398 1.9533075664412838 -1.4610868750858907 -0.7166319598592632 -1.2771993465210287 
-1.1225791231324878 1.704367071253067 -0.38333217801055675 0.350223572356843 1.7063308239088175 1.3221540474845703 1.2346885747382954 1.9805607009652348 0.37448813611464926 -0.3147927786019 -0.13906451799152197 0.11721609518454912 -0.4947195436206271 -1.322826909953188 -0.2434889164304841 -8.433420730167285E-4 1.0391949886241854 1.402620901233821 1.8804182805645215 -1.6303898416865197 
1.7063308239088175 1.3221540474845703 1.2346885747382954 1.9805607009652348 0.2146092180586905 -1.5767800509049938 0.7610271112822597 1.3782337705732361 -1.0059819548002267 -0.34666964297232106 0.11813949040874716 1.7756824102173336 -1.8643516394865127 -1.4035799503963653 -0.798561635780203 -1.6279186770181062 -1.3229511632698014 -0.6312149342016067 -0.7086752855522018 1.81865874020508 
1.7063308239088175 1.3221540474845703 1.2346885747382954 1.9805607009652348 1.3142484694274579 0.1848376170621706 -1.0131987325230618 -0.1501689072540735 -1.594953784511313 0.8609559865943508 0.46965048169059376 0.04732178032367429 1.9754359009638658 -1.3220889567647411 -0.461006031543409 -0.19639377470440866 -0.30508129173429976 1.6503019554396228 -0.34356973045395023 0.6352066241509284 
1.9754359009638658 -1.3220889567647411 -0.461006031543409 -0.19639377470440866 0.46586815181288443 1.1185530233301337 0.0584047897259139 0.34186643300906105 1.0236593067157607 -0.9263798377775769 -0.4679857568212751 -0.8050760959137779 1.4016144152211343 1.8130480154819457 -0.12352485711340044 0.7572985838956279 0.4657163270375828 -0.11428036228113125 0.1983637626909216 -0.14342080200786178 
0.43286926033299844 0.8162372442541361 -1.3643070218822677 1.2155653858441489 1.2846186899265248 1.505048051155935 -0.7298037563043485 1.5274086828550861 -1.7282218379037189 1.337293394369762 0.7370423834598956 0.6708598118467757 -1.3053346692817311 -0.01111401214916663 0.7559920985906934 -0.1028652537268111 -0.491547611419457 -1.1251975709043576 -1.8401740940378408 1.8381566526734474 
-1.358369056797673 -1.1678120024354515 0.05395937606943724 0.5752185550003217 1.1639564841927128 0.3061998133643282 0.35478858487823306 0.6595209018141936 1.1498583121787758 0.1594675427953316 -0.8596928655208118 -0.5940488499145737 1.7490022448462907 -1.717891376113812 -1.439759178290576 0.9438819596133241 -1.2652318312672448 1.1764210076771153 -1.360233864649878 0.6276520587447063 
1.1498583121787758 0.1594675427953316 -0.8596928655208118 -0.5940488499145737 0.7106254650556361 -1.7185022654541644 -0.9188767416051156 -1.2879408822825322 1.5280943252554482 -1.4872877954659662 -0.07551627677919504 -0.5594615704973207 1.2599482870452618 1.7302228860877706 -0.9302861763302013 -0.45370451276284207 -1.6181711976831017 1.2464918273762966 -1.0091414355235226 -1.7777845251606919 
1.1498583121787758 0.1594675427953316 -0.8596928655208118 -0.5940488499145737 1.8547314386386806 0.06676501258648582 1.1707359560637247 -1.3637669673217716 1.7837359984717533 1.0615118342024923 0.9237026770804886 0.15620853171997018 -0.3262021181469672 -1.1662867747337309 -0.27048106075268663 0.71693138641414 0.7018725340664256 -1.5358098347760922 0.5074856586293688 -0.27953042041550846 
1.7837359984717533 1.0615118342024923 0.9237026770804886 0.15620853171997018 1.4480188036879804 1.5175019318830398 -1.7654747400755149 1.4926618346228855 0.384386014652927 -0.12730843201207653 1.459552296943691 -1.4204083301331978 0.9917210508934513 -1.6568428695764177 -0.3055686934471584 -1.2195152097794444 0.6824237568021556 0.5122501599838936 -1.1542534933462063 1.5963538084182152 
0.6824237568021556 0.5122501599838936 -1.1542534933462063 1.5963538084182152 1.2293448546800914 0.11759772542154234 -1.1377870757548671 1.778217128817654 -0.3074946684799107 -0.624216699084335 -0.45466729925760996 1.7764211823129465 0.45701312717989717 -1.4037793548438184 -1.5421913490934154 0.5861062721991539 -1.4675328727641639 -1.6214459069631713 1.5626278596578125 0.8113077704483236 
-1.4675328727641639 -1.6214459069631713 1.5626278596578125 0.8113077704483236 -1.2290785595766902 1.093861444124986 -0.08705059112371805 -0.2350592006980432 -1.69385096354157 -0.5883228008751531 -1.8770116093922202 1.4388457725901835 0.21284096373698658 -0.5898266123241975 1.7738269598712892 -1.517721083285688 1.5237057461925092 -1.365578060117763 -1.3870436721534989 0.21382277200363742 
0.21284096373698658 -0.5898266123241975 1.7738269598712892 -1.517721083285688 -0.4599425600054645 0.6808364203361292 1.3535998521372914 0.48920201523204776 -1.2100246916710695 -1.0360691115583385 1.804047511500059 -0.08798045142477973 -1.725486002172555 0.7449223766878124 -0.8082744267474582 -1.930918665144275 1.3282565205374723 -0.5638111576665543 0.3077132419021309 -0.5933214111582794 
-1.2100246916710695 -1.0360691115583385 1.804047511500059 -0.08798045142477973 1.5240944714432296 0.14499356960629184 1.5953831049164342 1.67769779710707 -1.8885000951825863 1.3089022281823577 0.3332675222479846 0.451197974832235 -1.5611292638036685 0.8437449431039776 -0.6286501568815073 -1.4597964554356269 0.42017589085556617 -1.0955520562988008 -0.9754819699300303 -1.7385589057795783 
-1.2100246916710695 -1.0360691115583385 1.804047511500059 -0.08798045142477973 0.05801783968438512 -1.0026919888862151 -0.9428883247727149 -0.09862275497022521 -0.6984316999644533 1.4507120046282211 0.10942454501594323 -0.9121570482930546 1.2096814531255702 -1.4390729574611423 0.579796255726909 -1.662551981228538 -1.7846423504900288 -1.6723817112713308 -1.9921499648608667 0.35117380955005384 
-1.2100246916710695 -1.0360691115583385 1.804047511500059 -0.08798045142477973 -1.0388247433470035 -0.9609753354645139 0.9777530665376046 -1.5828295138477722 1.1239843395954159 -1.4723078718107492 -0.8816624129212678 0.4049970508446825 0.6466252429245642 1.7767469086785521 0.9686665717670202 -1.4634906729676822 1.886910960826936 -0.8672513594711719 -0.7332915657175105 1.3785244214618855 
-1.2100246916710695 -1.0360691115583385 1.804047511500059 -0.08798045142477973 -0.06137046727232853 1.961296211593171 -1.2468959854730124 -0.5698903660392105 1.0952123892626409 0.12573300348140393 1.5835825968187844 0.6757298098964499 0.3247763455444459 -0.516687002050106 -0.8581714917295118 -1.0133052211128586 -0.24861165759294312 -0.6812347527051741 1.1750188319141084 -0.7977830673452719 
-0.06137046727232853 1.961296211593171 -1.2468959854730124 -0.5698903660392105 0.6302485274923311 0.5101066958979579 -0.8891163631187875 -1.9878477653655735 1.347966732133985 -1.9271426536692355 1.1008102049886075 1.9939547462866933 1.1037769732526277 -0.34738441581765356 0.28544461969790236 -1.0166983386546065 -0.35221640173678725 1.4289018406013856 -0.4939376162346538 1.164069774990205 
-0.35221640173678725 1.4289018406013856 -0.4939376162346538 1.164069774990205 0.4474822622167709 -0.9548005287181609 1.9517387946869502 0.668363181596654 -1.5725169426054224 -1.9719954255050842 -1.514933529961628 -1.5577224285440434 0.42523639114375955 0.5311709620063683 -1.7301858949089044 0.13525928420527267 1.56293478731296 1.7210695271237348 1.789732333250385 0.6642039662891572 