-0.6742193728732861 -0.9007132588564322 -0.27890347334412513 -0.7391104015656369 0.2805042740751005 -0.2803212569256035 -0.09528427331549527 0.5091645567042222 0.3248627235713515 -0.6917296791072793 -0.8056503517041584 0.8456969172397093 0.3192337607879432 0.6137746725198174 -0.08214312218446529 0.6629380625422672 -0.9837931445147712 -0.983571904276858 -0.4091527651048108 -0.8339961104783262 
-0.6742193728732861 -0.9007132588564322 -0.27890347334412513 -0.7391104015656369 0.5470388331681635 0.7525055442965345 0.3880772150480507 -0.3742849949454685 -0.3827074120266536 -0.7228714735657917 0.7245723605541596 0.1992577984135797 -0.7600135788010054 -0.34485321963473425 -0.21406484371602263 -0.7485692618461959 -0.6791878244401468 0.7916952873872971 -0.5424007307546135 -0.47630190968875397 
-0.7600135788010054 -0.34485321963473425 -0.21406484371602263 -0.7485692618461959 0.061178312175952154 -0.3281574091390542 0.5949272281627842 0.5754727630992338 -0.5794653797502283 0.10461733980899446 0.8734330745033747 -0.48431225421109203 0.543344423224001 -0.9330614498984464 0.591802410633697 -0.023141745360942156 0.8572662953938144 -0.9931039637725092 0.8937985468401934 -0.3035685434778177 
0.061178312175952154 -0.3281574091390542 0.5949272281627842 0.5754727630992338 -0.7710618464278232 0.9709643422098533 0.12739796183190566 -0.5968464170699708 -0.9616784962293481 -0.2565101337511144 -0.16664804363877694 0.5418733359662493 -0.4342642057345396 -0.20197549189791997 -0.5712824672586383 -0.05622658736058228 0.599149632006198 -0.7874643146532421 -0.2587186461601243 -0.3566091629184305 
0.6731514535853262 0.1505077908321084 -0.265523663182037 -0.522890084040772 -0.47026292871295094 -0.5815161489853093 -0.28021559608410773 -0.7381413901481599 0.8712179278688683 0.890439360655263 0.07107947431317752 -0.19993636958601746 0.3136649357938808 -0.15975520529465026 -0.7320252131438816 -0.5164450776486245 0.726699297048498 -0.4265014380034613 0.4520607131092922 -0.4022425650064694 
0.585454694657294 -0.38230736395844955 0.3252119100057307 0.29832082619761335 0.022587653277122532 -0.452932685010363 0.39346982598135005 -0.8623016828338554 -0.9148639360666226 -0.06724900666172307 0.20377307320923665 0.8694111305218812 0.2820787218183005 0.06763465453527773 -0.08570964702464856 -0.528128812352016 -0.7749759700683012 -0.8862438540817137 0.2192918855188959 -0.17332788125599508 
0.5238321513551742 0.28811457705880583 -0.4015535525096259 0.43707893657353636 0.30952395556803447 0.43634436341550287 -0.9017445865629938 -0.30375821930165325 -0.8067215471208145 0.42395345489065894 -0.963024765878131 0.8648973428971609 0.8272648666079989 0.5030087096795339 -0.6509318766658663 0.803541560823581 -0.9651683266308895 -0.8549059794434755 -0.26643966753809445 -0.5711824996502577 
-0.2692999182684419 -0.46772612052282203 0.07243660503540772 0.1773851227929455 -0.23298859009754636 -0.3848317141286235 0.2855164102986676 0.8313388192959321 -0.3570806160339419 -0.9133053916458858 -0.7202825452712676 -0.7824230737759621 0.10584391290611972 0.10881813327291345 -0.8278207990439324 0.627875215852925 0.3762127749628774 0.6083969639585813 -0.1952729603663641 0.6998147665162096 
-0.23298859009754636 -0.3848317141286235 0.2855164102986676 0.8313388192959321 0.9642474601118207 -0.3329195877467752 0.3768177500229737 -0.5061229307807029 -0.7894385563195903 0.9085152132697669 -0.9526917142659115 0.04848266232440479 -0.7049602471104646 0.6776135562840453 -0.10084874954897138 -0.9861180011238178 0.32846783797330414 0.1856424843971456 -0.725060914068693 -0.5659173228799574 
-0.23298859009754636 -0.3848317141286235 0.2855164102986676 0.8313388192959321 -0.771383167082135 -0.7662247124859924 0.41210448367003294 -0.9699779725771402 0.7958288519460084 -0.0037132377852966414 0.17301312663643742 -0.07801872760708162 -0.601066691610397 0.3130552581340409 0.12659950664860298 0.607465775357289 0.35534570666262066 -0.3043082806819857 -0.0686241734202464 0.6235643700184885 
0.7958288519460084 -0.0037132377852966414 0.17301312663643742 -0.07801872760708162 0.14476764245285567 -0.5353681059557756 0.5643869677584417 0.3470745176725065 -0.12382293125426713 0.6728749658241187 -0.924216153390947 0.07872686434185128 -0.04817553861290147 0.8762536116005584 -0.32966599457054757 0.8829003537332152 -0.9631166084259077 0.9520260829044058 0.8084460095436221 -0.7730070949025447 
-0.09437809340205572 0.9066806261387479 -0.3538816373976006 0.3698413778264542 -0.5367590108619082 -0.5216911666109894 -0.564551047763334 0.6506419473220355 -0.8127743062135573 0.1950786404568874 0.2705068604016192 0.40931039608824626 -0.6076028099396358 0.7594165058022169 0.16039054613766002 -0.11629777878011849 -0.4460342858085382 0.8452014012474858 0.8534824726655512 0.5684148245131451 
-0.6076028099396358 0.7594165058022169 0.16039054613766002 -0.11629777878011849 -0.9542253118932016 0.19309051004499045 0.04894621705393698 0.9283676376203118 0.6080796535778106 0.9098417716740987 0.048422097071509906 -0.873800041826186 0.936070185557863 -0.3474401124537865 0.6040921267869976 -0.8245915629700464 0.45395607094727186 -0.032822998879483034 -0.9366495253246874 -0.4311159995674885 
0.936070185557863 -0.3474401124537865 0.6040921267869976 -0.8245915629700464 0.5242195710266642 0.29245801710579733 0.012957083475382714 0.3999053669321828 0.49811924528356544 -0.9436060879489305 0.38495027201385756 0.8940487813027067 -0.7822121018465691 -0.12209936027878254 -0.2890101625250905 -0.4356222848126514 0.9007620931933662 0.7975834884930271 -0.8966009333583178 -0.8575299347941776 
0.49811924528356544 -0.9436060879489305 0.38495027201385756 0.8940487813027067 -0.8515274919332056 0.22018848269642555 0.0895475374290331 -0.4837591238145946 0.4166811555600587 -0.7033287532221459 0.31780651551200667 -0.6404893671824672 0.6287757910600533 -0.5882494725760568 0.1007266579167505 -0.9622303122425158 -0.2669428636073701 -0.2090674844221787 0.17543535544838318 -0.5770288149169607 
0.4166811555600587 -0.7033287532221459 0.31780651551200667 -0.6404893671824672 -0.8803641261009028 0.08826296154873892 -0.4995716845662197 0.29716582569805317 -0.9337449799964719 -0.8411539614869403 -0.8430571240836011 0.010924753240102225 -0.28752206243488265 0.8492840865200482 -0.7391837374551242 0.5894644023113618 -0.7853526869790777 0.36134963148576493 -0.5994835533786982 0.20540039139871147 
-0.8803641261009028 0.08826296154873892 -0.4995716845662197 0.29716582569805317 -0.8570855149617056 -0.027630341571429406 0.39937271065269697 -0.7115355047000835 0.11839462021370073 0.3975201157159527 0.39965207772152733 0.2651425669391372 0.14924453246614844 0.1046372331322658 0.7953421127539655 -0.7956527175787873 0.8995751469721671 0.6921739372964784 -2.98425091515897E-4 0.2543331415329968 
0.14924453246614844 0.1046372331322658 0.7953421127539655 -0.7956527175787873 -0.4419997709965313 0.4953848039313784 -0.5101013831451657 -0.009328294989136898 -0.548464422042338 0.16665022414128505 -0.22382755160534895 -0.7063085021341788 0.381219294050944 0.12541135582869845 -0.36610970360214923 -0.8273269971464667 0.7056946304760474 -0.8097227274796734 0.858641640095926 -0.5865592871743082 
0.14924453246614844 0.1046372331322658 0.7953421127539655 -0.7956527175787873 0.5282417894014437 0.8108697946823908 -0.5765678144525817 -0.44099955070693375 0.04182180263748947 -0.9586722963593404 -0.782765291008106 0.7715258550183652 -0.06913787478572653 0.5192838672848956 -0.5416726480850786 0.41086218345874914 -0.46872681933939697 -0.01219043996976965 -0.29649823198721803 -0.4409854712569188 
-0.06913787478572653 0.5192838672848956 -0.5416726480850786 0.41086218345874914 0.17964475329023055 -0.3346056500820225 0.5952424774092033 0.912309547596458 0.22688606975775394 -0.3798170068294595 -0.377513931646128 -0.8051987359245285 -0.74070138251968 0.2042563437860201 -0.4727695089865145 -0.8312025484019714 0.926895181789303 -0.8587047672839696 -0.7340836063906209 0.7769070630277186 
-0.7874258468352384 0.9448680504926792 -0.841500120345765 0.9417822913295182 -0.4095212112056925 0.35182286033988497 0.9279568056421281 0.29412791082773704 0.3510345705192859 -0.11771713844888976 -0.2903635190141425 -0.03591891889159826 0.3376157763002192 0.5208242614046465 -0.06742234697368898 0.23727730466791397 -0.819411449222704 -0.023038869050731492 0.3172477976726782 0.38504638613136066 
0.06491355452458669 -0.8029653211895347 -0.6425095703148689 -0.8838174610576255 -0.18902996487305535 -0.3827497060529188 -0.12907066333902617 -0.5527954206123658 -0.5715213654787896 -0.3155670270349018 0.778487929522895 -0.7306070368348341 -0.09758930319028747 -0.8138629767125232 0.0017407981221873037 0.3792885318209618 -0.28525473761082343 0.3117027653388622 -0.10380773824882028 0.11502625357905649 
-0.18902996487305535 -0.3827497060529188 -0.12907066333902617 -0.5527954206123658 -0.6048496408215369 0.4114544631544408 -0.5170112884693443 0.9256806060403935 -0.994018612943995 0.6998608122797063 -0.6750413338125474 -0.32298402330312204 -0.590906547509406 0.9188824494756274 -0.7043237744255877 0.32126690108431566 -0.1338241430589382 0.20022096978602755 0.8565762700937671 0.8226698573405387 
-0.18902996487305535 -0.3827497060529188 -0.12907066333902617 -0.5527954206123658 -0.3736729847737621 0.9906739789338181 -0.5998568835323601 -0.409946301951978 -0.6657488059359089 -0.9604740626231445 -0.5451686630084025 -0.7901663807240769 0.886004000580491 0.20174711058856354 -0.4804022218713244 -0.8284135913915962 -0.7406729518524156 -0.7493292847767048 0.197410958110539 -0.7202284212497043 
-0.6657488059359089 -0.9604740626231445 -0.5451686630084025 -0.7901663807240769 -0.06287705458673298 -0.6046509675554532 -0.41786447643055924 -0.8940677084988851 0.41008525744754 0.8966007478363935 -0.21887681603088516 0.1926907874844419 0.6152494052276993 -0.15714046429133433 -0.922879883394667 -0.627677612743651 0.3322987654040215 0.2708998600620067 0.34628887077792436 -0.7006946420865676 
0.6152494052276993 -0.15714046429133433 -0.922879883394667 -0.627677612743651 0.6536765632261314 -0.060609585779335395 -0.9949366961501558 -0.8701892421734336 0.991795395211859 -0.7490933399143078 -0.8917281770530103 0.6781281662027205 0.4547026688924021 -0.6636473245753538 0.23841061855505563 0.4488492352134399 -0.8954473288889304 -0.4809648124390673 0.9852451358812124 -0.4781990213660736 
-0.8954473288889304 -0.4809648124390673 0.9852451358812124 -0.4781990213660736 -0.6865224362110542 0.18881817478389862 -0.6747063453491879 -0.8353567873781518 0.022563563685744636 -0.09244133424276035 0.9209831296540685 0.8796012764520893 -0.34329277787040446 -0.4054427340803848 -0.29166162945403684 -0.7506244412790872 0.1957314085990174 0.09765529645697679 0.8305647080633409 -0.05416009927158427 
-0.8954473288889304 -0.4809648124390673 0.9852451358812124 -0.4781990213660736 0.6074707743266892 -0.041864768139698416 -0.7245868793534262 0.2972549881260287 -0.21020257340123738 0.5542833002272025 -0.575474042503145 0.3630820062658737 -0.08991717037094649 5.01074085999198E-4 0.4120820590078105 0.46863962023587535 -0.6295826533983513 -0.19845353466852966 0.7593586025017545 -0.11430792140243606 
-0.8954473288889304 -0.4809648124390673 0.9852451358812124 -0.4781990213660736 -0.3263193025478166 0.7969410398166208 0.3597596015609128 0.11992568091091904 -0.3900496602334642 0.11701844483487767 -0.5534051865542176 -0.9454792561417606 -0.05530030700297717 -0.0014293336582187344 0.6797680560746653 0.7718782482343289 -0.1305681473300122 0.4670063162596707 0.8659667181482893 0.9664811876394266 
-0.8954473288889304 -0.4809648124390673 0.9852451358812124 -0.4781990213660736 -0.8001842947171214 0.4944074308522304 0.9042802192158954 -0.9948320581105259 0.6267085351028683 0.562786009693429 0.9504254184174787 0.8602278056637507 0.5586511826250029 0.7597345153492872 -0.7126204598767627 0.5747607349850941 -0.5935789232168549 -0.4851771609798172 0.36381062083892335 0.6825791625829905 
-0.40145744825099405 -0.38585361380898453 -0.08586014122904184 0.4698967531606557 -0.5019896118071434 0.661296414710481 -0.6620218881585778 -0.6234714104999348 -0.9554279206119276 -0.8702699716722573 0.5990949279207607 0.13789444168597842 0.6501973508032974 -0.5715153815219736 0.8249244844008152 0.8342714487445717 -0.25054342370937865 -0.9937421804124715 -0.9069498063283097 -0.9510835810894862 
-0.5019896118071434 0.661296414710481 -0.6620218881585778 -0.6234714104999348 0.44059981089497713 -0.030574760548305324 0.013564773384074691 0.8176315988643308 -0.6202989555223877 0.28158776022069487 0.2533717123513932 0.7067535523579924 0.9010901172055117 0.5510368048924532 -0.263985939326729 0.6770398182906898 -0.6265442284628471 0.11035624786241649 0.3165970321920657 -0.8998074545187387 
0.9010901172055117 0.5510368048924532 -0.263985939326729 0.6770398182906898 -0.38587697671853816 0.8973487513351093 0.9988708576080476 0.30247384334704397 0.6878988871916742 0.7981278465839647 -0.030435773102429398 0.18496755439863044 -0.2329548563907542 -0.3016060372021625 0.36598689852276234 -0.8228426941225091 -0.01267191052740313 -0.20758004180198464 0.09050604292867193 0.1382901678524393 
-0.2329548563907542 -0.3016060372021625 0.36598689852276234 -0.8228426941225091 -0.8976776518900007 0.37493082931457233 0.26364420965398305 0.15550205336110356 0.022224734234177257 0.7031173651255986 -0.18669506473531006 0.0572691718402325 -0.5832741662852776 -0.37477313876829177 0.7586070597953802 -0.6820482778466719 0.36742869430794234 0.10075468981339175 0.996011982807846 0.8788568676879642 
-0.2329548563907542 -0.3016060372021625 0.36598689852276234 -0.8228426941225091 -0.5102788453582288 0.05988447793464746 -0.2525484216095819 -0.12250849678061493 -0.5243553389932447 0.8755438983425847 0.8109867871203529 -0.20759839952009074 -0.9581069462067693 -0.5004594027249978 -0.14874831457776638 0.6095898089349809 0.7683677366287647 0.3609359046416265 0.4502622137445986 -0.7160154795396096 
-0.2329548563907542 -0.3016060372021625 0.36598689852276234 -0.8228426941225091 -0.49903433823693133 0.5250336913276168 0.022696202395598553 0.9262350763719163 -0.8386557421557204 0.5723240612186375 -0.9881631354931353 -0.19520494218029194 0.9299929454875182 -0.32947045968668354 0.15977859021707275 -0.6184129741650746 -0.6939835376270256 0.6993059660107819 -0.007257776487565426 0.6327499725461476 
-0.49903433823693133 0.5250336913276168 0.022696202395598553 0.9262350763719163 -0.39202675599349335 -0.08740244582679058 -0.8067374396111953 0.645421163012345 0.4637907812383524 0.479410178982385 0.8647871830928333 -0.627642142579554 -0.7259517965182536 -0.5111912337419446 -0.9560462193966006 -0.27007631936115395 -0.9237286548184784 0.5528964238263117 -0.8157048896217227 0.37035244538807177 
-0.39202675599349335 -0.08740244582679058 -0.8067374396111953 0.645421163012345 0.5153947548565754 -0.19794932203875426 0.5311493656231403 0.6651720872651903 0.6304563619274073 0.3589973304136489 -0.34029844494959116 -0.25440994347265544 0.23482043318875379 0.9905670534552753 -0.9053012203818418 -0.47807166703007664 -0.7805418454162503 -0.05874872538165676 0.3053291616296949 -0.9247619438181054 
0.5153947548565754 -0.19794932203875426 0.5311493656231403 0.6651720872651903 -0.47155887804937513 -0.6923626481883831 -0.21901481216923546 -0.46870217451894036 0.6227091300624785 0.7020238959662162 0.8372635525217826 0.8958533348652902 -0.07723576704267066 0.7076988637063117 0.3260555216163299 -0.2702381869588255 -0.23644005456383033 0.6125789048863985 0.8984645052126539 0.5461264720219323 
-0.8701896232892721 0.543806811659791 -0.8859135867778425 0.7237541674358356 0.24422571037917984 0.2297407747744551 0.5856646137666224 0.76317214936962 -0.7695630615232012 -0.5447494934833312 0.09802795212603654 0.09359184584942892 -0.7909150438420847 0.8158568905488464 -0.11124901951892618 0.4287026268722782 0.6142798957265818 0.5520019460491039 -0.856306506007736 0.6326562570444341 
0.24422571037917984 0.2297407747744551 0.5856646137666224 0.76317214936962 -0.5672360771447953 0.3826912210275346 -0.19137841411371626 0.46377670192022147 0.025991244704214544 0.7154871336911082 -0.8633406591552948 0.9343910403697369 -0.2944202741958697 0.46800525460150566 -0.21467110190333294 -0.2111289745044671 -0.05836972073972735 -0.5758033886545286 0.7610042644416743 -0.5696681540861461 
-0.05836972073972735 -0.5758033886545286 0.7610042644416743 -0.5696681540861461 0.7806980716079464 0.7571341976623509 -0.5736713369782598 0.7956629788454164 -0.6889727372094718 0.30122035350560616 0.03101662256481985 0.5705336210367884 -0.8954348955735838 -0.4337813305059881 -0.6325498967569287 0.5264981473508186 -0.01251063305660316 -0.2906172766680617 0.09577515668645686 0.23826879860645178 
-0.05836972073972735 -0.5758033886545286 0.7610042644416743 -0.5696681540861461 -0.5983479897095103 0.8236700122144305 0.06974189959227761 -0.040825918269533634 -0.922966492083912 -0.6817683444478386 -0.8251047778659186 0.8304289442862531 -0.5054760098175166 0.990134437990275 0.8273637122213493 -0.599483088525282 -0.6112016873689936 -0.9729632982426974 -0.6651312700610394 -0.8302574205523978 
-0.6112016873689936 -0.9729632982426974 -0.6651312700610394 -0.8302574205523978 0.49296049234650985 -0.07810590289977348 0.42719268970435254 0.17247069180995211 -0.3092056447178375 0.06673331300911367 0.8824007469682349 0.22783614425837717 -0.08477726208481662 -0.24686546883874327 -0.7420325276655784 0.4427639020300327 -0.4855763875703092 -0.15094019825511973 0.37805524632812526 0.6587992598840202 
-0.6112016873689936 -0.9729632982426974 -0.6651312700610394 -0.8302574205523978 -0.10663615670473314 -0.07950877395974887 -0.4714813049495643 0.10894996112699529 -0.9801361945412894 0.4064306145830352 0.30324003054490833 -0.26818544916077935 -0.1753731837689838 -0.110408102884753 0.3926794802707403 0.32336654509185325 0.5316398171110155 -0.867533423457314 0.22788444442459088 0.6535085214907375 
-0.1753731837689838 -0.110408102884753 0.3926794802707403 0.32336654509185325 0.07413276281408887 -0.80767717972665 -0.36971917780167507 -0.7748594857438504 0.14845462912295027 -0.37406493434584 -0.6677608169876934 0.22894723749976276 0.6440517939229113 -0.9146802779212142 -0.7574232789866222 -0.2736390084520921 0.4151804226865927 -0.38543125497235886 0.8392109206957907 0.8309023167197152 
-0.1753731837689838 -0.110408102884753 0.3926794802707403 0.32336654509185325 -0.41684856790606206 -0.5889423095879938 0.3602188098061563 0.20847684050142568 0.41770613988089234 -0.9400134021793447 0.9873485521590524 -0.7035738145408152 -0.40385611001501975 0.5057745310187529 0.09654755664530468 -0.41840997279137926 -0.5015685998793042 -0.09722112599295607 0.653734782954154 0.6606062071141878 
-0.41684856790606206 -0.5889423095879938 0.3602188098061563 0.20847684050142568 0.8361833660602893 0.9409576172062144 -0.19041236068632017 -0.7451502964517651 -0.05018501114832996 -0.766786051359962 0.14903766486568504 -0.6105267879440155 -0.20942783215486815 0.7177589479745434 -0.39627128311675763 -0.6839955633429018 0.14708722275951058 0.294676493943814 0.31230062467291586 0.033461395149821715 
0.8361833660602893 0.9409576172062144 -0.19041236068632017 -0.7451502964517651 -0.5253141078160222 -0.13418789962614164 -0.7102826523859604 -0.7440152319722011 -0.9220275959999615 0.5328003666958734 -0.25274264188242235 0.20650285382995914 -0.5887937679422455 -0.883414135286392 -0.786739284342568 0.9631056067919799 -0.578939334717933 -0.08902094064981347 -0.22425557061122814 0.21565997212031318 
-0.578939334717933 -0.08902094064981347 -0.22425557061122814 0.21565997212031318 0.1776101584540697 0.30412865588698335 0.3921432398974438 -0.51455453000068 0.8133185662585098 0.9362354208498234 0.20792049695803128 0.7597763674710671 0.33859703793207974 0.8663509949448418 0.7582986033427839 0.6715376436525353 0.09448740894579077 0.8175784660621388 -0.9627810578709635 -0.9592518221822555 
-0.06358930014991815 -0.22812402943751464 0.6842236104556008 -0.7092797024232325 0.3122118523803896 0.4179467375938877 -0.10611269636663256 -0.044540760084965436 -0.36170807275918215 0.4926412892647336 -0.043731783535359225 0.015800482635155655 0.218277929262092 -0.998637291533623 0.4951550038132868 0.7716976780130107 -0.6112777879446774 -0.6904739946290512 -0.11547135645097706 -0.7052582318854372 
0.9794481354456717 0.8317630526504562 -0.744045367671452 -0.06250755590048018 -0.4208102685757342 0.45926019125690054 0.7019685633370849 -0.43137942135262564 0.5372330377982373 0.520210531710823 -0.1370050595375969 0.80838211054994 0.42211735700357456 -0.7725643769329162 -0.4528811721850805 0.18872943513493157 0.6805020336192964 0.2653701381253941 0.3957229759970702 0.00508315474013421 
0.9794481354456717 0.8317630526504562 -0.744045367671452 -0.06250755590048018 -0.3569578374983091 -0.787837877948014 0.18071994529109459 0.272173309371031 0.022938168206080745 -0.49637607439048637 -0.6798680369605374 -0.8511701662998883 0.7231488047874197 -0.04379372323004893 -0.43821479591490053 -0.39993305404435264 0.3620725192410008 -0.37626287950864645 -0.32911555699407713 -0.2056494231029109 
0.9794481354456717 0.8317630526504562 -0.744045367671452 -0.06250755590048018 -0.6911246662424173 0.2672908447168656 -0.018187004679031782 -0.6804727921208957 0.2503267056828118 0.053435192602008685 0.44910015365475164 -0.2995746641360644 0.36814924588111086 -0.17169577763746902 -0.7395344994671931 0.6434758755616317 0.028025299364698553 0.1029104951529709 -0.022332886946224262 -0.11845344259242485 
0.9794481354456717 0.8317630526504562 -0.744045367671452 -0.06250755590048018 0.2652395214536747 0.006903276124387681 -0.9325928752650829 -0.8971668808825584 -0.7285278971502231 -0.2612124823418511 0.7099880391537805 0.82394457319483 0.7339525677114909 -0.5093763744923436 0.9909697588072233 -0.10497201253968558 -0.06950817988690483 -0.5352645823547071 -0.8467993458139425 0.5014891825652725 
-0.020179707959977033 -0.27806250975817215 0.814305266135227 -0.003259972101291142 0.18668564826084144 -0.7843669324392233 -0.05782341916350786 -0.33475175578117455 0.6029032063965021 0.241557562412003 -0.13488608878378017 -0.6901527568335313 -0.4031447796719958 0.47861769553634614 7.323599185686813E-4 0.6243423924570706 0.2761363739652165 0.4095368830062318 0.3816645182697178 0.10772531728027057 
-0.020179707959977033 -0.27806250975817215 0.814305266135227 -0.003259972101291142 0.4885637754089682 0.30323101539324293 -0.1562370096129202 -0.3555548385407139 0.22899967436991986 -0.36542971095819743 -0.4773294157185346 -0.3633843747902088 0.013297180617904969 0.6559012552465784 -0.6298476357958533 -0.6926114638178484 -0.586145796769113 -0.8714503951440102 -0.2668453834485516 0.857402491854137 
0.22899967436991986 -0.36542971095819743 -0.4773294157185346 -0.3633843747902088 -0.5210364467405966 -0.6264375181045805 0.447041794930531 0.9761404043811266 -0.7664746610500959 0.3577764263047556 -0.7323827244256857 0.1689192538897215 -0.53948122570788 0.8857513536025545 0.20066042933496386 0.8296535986357461 0.13435449620256223 -0.14629272420468564 0.2717281445686659 -0.9269134331384496 
0.13435449620256223 -0.14629272420468564 0.2717281445686659 -0.9269134331384496 0.22723764013526604 -0.12303932691013642 -0.2615388492568169 0.47634841269221795 -0.5810003988925834 0.4463397166058951 0.07895609988224916 0.400903018190534 -0.2952026968298669 -0.05736803783349553 -0.3224851211522701 -0.4451483766381372 0.3138567503594516 0.1728984931430142 -0.14514650061809875 -0.35774210075565827 
-0.4529496413366956 0.7313040204856713 -0.9235586048245028 -0.7731963294426094 0.9003415647089923 0.24895366991192636 0.6133338721910773 0.2729274405803126 -0.9246175954238369 -0.02850103706622753 -0.8113653632943219 0.1417555735112297 0.007812109153770175 -0.7046208896263835 -0.9279988535055999 0.6777758778342955 0.25331307735370245 -0.47592688714646547 0.09408228914167172 0.3920579803437576 
0.9003415647089923 0.24895366991192636 0.6133338721910773 0.2729274405803126 0.9503868679672265 -0.07822123602109365 0.07781778090387093 -0.6453883326001817 0.701579562062864 0.7521010624234288 -0.9102934930196764 0.8694649849628575 0.45976766266892466 -0.38704386264796686 -0.4077939153128747 -0.41352031636341247 0.9797534508292882 0.20196333672732614 -0.44131264299425976 -0.03714482447422163 
-0.9969662884696817 0.531997180229828 -0.20762160583655476 0.11216209638423047 0.29935623134373324 0.5242199115449693 0.17607165692447135 -0.7575353862149481 0.4211553966952042 0.37837323107028786 -0.06232785388132034 -0.35748884934658287 0.19347897452955598 0.16284466888236282 0.22485904469608498 -0.9356315994591171 0.8958337797672555 -0.8028789422929103 0.04553974846650277 0.5146151933503338 
0.8737820968833563 0.40622653363267824 -0.2374790806139162 0.543157631675681 -0.80506926667067 0.7500165255981477 0.49417587496309756 -0.6349816067477494 0.7258418685587613 0.0019156507393958133 0.9975017948112115 0.45436385672458757 0.13046183494624097 -0.9867776029668975 0.3649063366733154 -0.4424258797830427 0.968448521720942 0.8323864570660848 0.4457143823428369 -0.06798992898713263 
-0.80506926667067 0.7500165255981477 0.49417587496309756 -0.6349816067477494 0.7619371925896452 0.32197490692635733 -0.576125072435065 0.3106260464947672 0.5844824511667166 -0.5825787656751276 -0.7968029828470526 0.553089087443899 0.6320539652712389 -0.8491334758468199 0.02387398233600413 -0.33532234954009477 -0.2905001569114549 -0.10218700378407308 -0.552545477391041 -0.07030502555155316 
-0.9270955182636698 0.8461925935583665 -0.3921199068171912 0.7299932217233585 -0.8597377470146199 0.8746324794638682 -0.24831032889865634 -0.31098981958494143 -0.11994098504504169 0.5681808125383756 0.8837215394127098 -0.11871899473496494 -0.8322787818623021 0.6785982394543368 -0.5770578831525577 -0.7972858531834099 -0.922963252745594 -0.4008254503119899 0.4756276354301405 -0.5514225826598282 
-0.9270955182636698 0.8461925935583665 -0.3921199068171912 0.7299932217233585 -0.11153341105156955 -0.873531487775459 -0.5938730973480872 -0.5181058095037334 0.9589833636462197 0.30281548942335057 0.8946148141521155 0.9944527299379395 -0.8463906105489842 -0.4756766314264387 0.214919063626412 0.6489740014745764 0.5857524074549587 0.38916544059669445 -0.07532576893717224 0.9704160721459263 
-0.9270955182636698 0.8461925935583665 -0.3921199068171912 0.7299932217233585 -0.7131778158374842 -0.7995474372647904 0.5161602590573695 0.9284864564122128 0.9132042129420588 -0.08479693386525389 -0.27522473740763753 0.21738261180265495 -0.584213887569496 0.6575729936745316 -0.4623027504984507 -0.10800910350112458 -0.6912395429306823 -0.6501836188113603 0.22088041990542018 0.8040621651764179 
-0.7131778158374842 -0.7995474372647904 0.5161602590573695 0.9284864564122128 0.9645852296150297 0.39270492529959977 0.6627521621229684 -0.5322467678954863 0.05151780315560317 -0.9680462714591707 -0.44258991086274846 -0.960760446172112 -0.8784428724491882 0.6690385031405695 -0.7078711919192375 -0.7820836489382499 -0.8959964343749627 0.4654099806167393 0.07772070456940972 -0.1413916280451344 
-0.5261296509007167 0.788712915425845 -0.6389680333707013 -0.8809085629492592 0.14465239699786836 -0.13504725987620314 -0.5240607921011817 0.42134877937011517 0.6424490702860972 -0.3134308645387569 0.2667581310734024 0.08706083316186186 -0.7124879451350328 -0.14511829414223287 -0.66514420839599 -0.3991556885977161 0.4925767477888856 -0.2691188546057599 0.4661991338876168 -0.6843793913233487 
0.14465239699786836 -0.13504725987620314 -0.5240607921011817 0.42134877937011517 -0.9360097821238362 -0.5484980370768469 -0.5242511135980672 0.12998342742437585 -0.5947021401707955 -0.4559783974440237 0.8585177860086586 -0.862754473739821 -0.7332883549377447 -0.223879688823291 -0.44756262245502776 -0.10239923478189317 -0.32993025935660736 0.9471198199122686 -0.8679655647304079 0.2121144600432403 
-0.5947021401707955 -0.4559783974440237 0.8585177860086586 -0.862754473739821 -0.849471223843463 -0.43093727477491406 -0.3109712798281825 -0.38317651089778226 -0.9958741159948179 0.7036082926700837 0.9130777276697535 0.18639348452887483 -0.13907035509314092 -0.34619107805867344 -0.3287958415513299 -0.08784175760493484 -0.5150273170271136 -0.5144621511179492 -0.808673908771935 0.723466605356534 
-0.849471223843463 -0.43093727477491406 -0.3109712798281825 -0.38317651089778226 0.891680074181258 0.4391369730028023 -0.05104409765740492 0.17040088885888105 0.7630629815296597 0.9659513984221191 -0.03534290295015863 -0.3401917803151109 -0.38302013631481535 -0.3853356186776278 0.7738988248288463 -0.6849006724688604 -0.13669993761935917 -0.5174623468650346 -0.38135632746239123 0.7095685186200211 
0.18531541186378453 0.33687957556903103 -0.5785062354459622 -0.6455098890505786 -0.8219738330392274 -0.35112419773447767 0.20745353536579247 -0.7416016743010709 0.27167213239888244 0.683745711263867 0.6864554371411027 0.5834352086768373 0.6923604710877393 -0.04111879466713697 -0.774533841764923 -0.38020309714250167 -0.0752360726178487 0.06474858744280576 0.15436528521757564 0.8620521721248915 
-0.0752360726178487 0.06474858744280576 0.15436528521757564 0.8620521721248915 0.5499429556553665 0.9521076749950281 -0.576684910586486 -0.9534358954333821 -0.07634232766818227 0.9419317203225805 -0.2728061214441395 0.7751326111453112 -0.7591706847046105 -0.5003644080893732 0.7937264942222433 -0.8217854372999247 -0.8441344050240625 0.6998200491052005 -0.8987214392717777 0.3504116402730517 
-0.07634232766818227 0.9419317203225805 -0.2728061214441395 0.7751326111453112 -0.017969096648010607 -0.5716042253550562 -0.4365576677797576 0.694938301977585 0.11605533433440351 -0.7606720556646636 -0.2722105563342303 0.7256214319336607 -0.34726418790054225 0.416043162372131 0.9538401461938115 -0.7812132166306811 0.8691285009695706 0.47762096645022933 0.9197028769655637 0.1629319514239851 
0.32457259350608836 -0.31492706375801904 -0.43524463423311377 -0.35227744843332265 0.8706540270506209 -0.6774309894641983 -0.5440111511211578 0.9730950324749845 -0.12538243734277232 -0.5642521769605444 0.06590631921513723 -0.8830754621415047 0.1621833115380591 -0.8923655559161949 -0.0889643186289859 -0.3185405657131011 0.722802993446295 0.25161724099545113 0.5684738426484814 -0.9763126743493225 
0.8706540270506209 -0.6774309894641983 -0.5440111511211578 0.9730950324749845 0.8056812343058579 -0.07437545232081466 0.21607138750481858 0.6472892689730918 -0.33295541818707997 0.25947225847670174 0.7399529839532553 -0.08577904031842198 -0.8573212489126987 0.45189227059492265 0.41706101151699526 -0.6538587406446452 -0.49564593060031625 -0.9000019752037445 -0.06811866564785696 -0.9532647302558954 
-0.33295541818707997 0.25947225847670174 0.7399529839532553 -0.08577904031842198 -0.48777867975650024 0.36284478764108874 0.5748240740445019 0.4986154404405674 0.028081726191148793 -0.5298893663483468 -0.8205452293016182 0.8066588565914303 -0.9032665665869895 0.7422299919543536 0.8585009584536807 0.314600451746603 -0.06010622043776093 -0.25847239038534964 -0.5179128055410396 0.251541307230547 
-0.33295541818707997 0.25947225847670174 0.7399529839532553 -0.08577904031842198 0.5870785177878619 -0.4396044305147897 0.5925539800248463 -0.24450929775292396 0.383861112911541 0.36658777499538253 -0.2951499863138314 0.4309163647075267 0.999260964283712 0.3101029810181186 0.9681738925945857 -0.06251505319158235 -0.5007674378500577 -0.4565912540778514 -0.5553106901929559 0.036625926135953835 
-0.528608441631496 -0.20710636339503607 -0.9045510441898756 -0.5934381175735943 -0.6041552939486354 0.06546675010647163 0.8576863282951566 -0.009305208709652346 -0.24826529293781996 0.43895032066576434 0.68685445074396 0.843000621855247 -0.11928896937377531 -0.9312726476874873 -0.40223523796194405 0.6875970883575506 -0.11260490359398534 -0.565776187019531 0.6111320699005316 0.3070824862613406 
-0.6041552939486354 0.06546675010647163 0.8576863282951566 -0.009305208709652346 0.9829372343025697 0.10355545590044835 -0.9191291813798352 0.841638785212449 0.653108293169391 -0.018879382385593058 -0.08318551118349982 0.3780176590201041 0.06775150178644496 0.13141080866589938 -0.45320444794463444 -0.7052241488550781 0.8859562362178601 0.6876416241510039 -0.521371267730061 0.5116657190933789 
0.9829372343025697 0.10355545590044835 -0.9191291813798352 0.841638785212449 -0.9673053543117649 0.8028701396987641 0.9263743036012599 0.40091053427109835 0.1283722257171791 0.8383880476828123 0.6673853732366883 0.9346004867154156 -0.36470264013073206 0.2863141198578558 -0.7532677725713082 -0.5095882096432387 -0.3195971813695795 0.8068226830313803 -0.5361649459293949 -0.3995866103739343 
-0.9673053543117649 0.8028701396987641 0.9263743036012599 0.40091053427109835 0.605561830128805 -0.7576345868762413 0.24429103080112058 0.5051049830989647 0.05319171280123869 -0.07043218364727166 0.14043306508237396 0.8239526476558054 0.21743362456075466 -0.9584003210937289 -0.23137359179199302 0.5847161453872474 0.5761841210672263 0.38440160249623956 0.22491225164297313 -0.7150919564165732 
-0.9673053543117649 0.8028701396987641 0.9263743036012599 0.40091053427109835 -0.08280190807729482 0.8192261909921361 -0.11458081037747103 -0.6571478477679566 0.4860192374901946 0.028732320344099005 0.1308448244856748 -0.6359408455914042 -0.45923893051868614 0.4473197732529648 0.41218254348225325 -0.1567856903950482 0.6473381233556106 -0.07488715148275227 -0.08144506273780583 0.15512728472433168 
-0.9673053543117649 0.8028701396987641 0.9263743036012599 0.40091053427109835 0.376602413398307 -0.02789145016440675 -0.15517739386941054 -0.5285353234462091 0.3130046840228249 0.2542243848317749 -0.6319808338017656 0.40198829501917643 0.45253092490208435 0.785988510943799 0.3080214765738636 -0.9471708996078674 0.9018739386474417 -0.6735882206861905 -0.0784906358805113 -0.15874248729229978 
-0.9673053543117649 0.8028701396987641 0.9263743036012599 0.40091053427109835 0.9042244818517402 -0.8001136961420727 -0.5288910856757187 -0.6369002422452466 0.7915840100346683 0.4226747740205534 -0.11071409135272914 0.8466216348931705 -0.2300478907057255 0.6841980699719454 0.39548829375767136 -0.4417298182794207 0.6857715536210316 -0.9606243857017835 -0.36560247209951413 -0.8700305469482776 
-0.9673053543117649 0.8028701396987641 0.9263743036012599 0.40091053427109835 0.6430226325687936 -0.9828548748409387 -0.35921729734342356 -0.8213685847134902 0.3774854087531794 -0.02548949735095607 0.20201899115566202 0.521372004208255 -0.3591773737474948 0.32959395181480544 -0.4850191131847703 -0.7653547691452829 -0.794682787802695 0.5074341795605646 -0.7612159902371376 0.45352685716206764 
-0.9673053543117649 0.8028701396987641 0.9263743036012599 0.40091053427109835 0.1819791159577473 0.2219783518985261 -0.9560960413215394 0.5331417244903796 0.09480157970759562 0.9271465366865228 -0.5170416067429604 -0.32645915746724596 -0.03864073766686604 0.721228245927598 -0.697440614632056 0.5411638672922174 -0.20887478134209658 -0.41578504420722817 -0.7205972856574898 0.6028334972942082 
-0.03864073766686604 0.721228245927598 -0.697440614632056 0.5411638672922174 0.5713643385171354 0.8342662076381091 0.06726895266031852 0.7005823849852886 0.43174696573498084 0.39503340146724675 0.24165280257385557 -0.42881725085238753 -0.14830778019579727 0.9276198560464983 -0.9771893803841096 -0.048441543206050985 -0.32127308959917067 -0.32783395866532694 -0.6953761857183887 0.08017411230234694 
0.5713643385171354 0.8342662076381091 0.06726895266031852 0.7005823849852886 -0.5986458983619412 0.6951773931203697 0.7072197081991762 0.16035369078926842 0.9435616780004112 0.8394604446405596 0.9283957693686147 -0.8369961643940891 0.42350337608543276 -0.9343372761790145 0.36297524178418694 0.19321626421959093 -0.3542747430354123 0.17395018068718637 0.8638226087628424 -0.6562555539042367 
0.5713643385171354 0.8342662076381091 0.06726895266031852 0.7005823849852886 -8.24955769383573E-4 0.7501885631996945 -0.279779924867841 0.2728565308984141 0.9044873049472073 -0.1823763834219867 -0.39672303369452 0.8541982734386118 -0.8895172578115247 -0.6125813191778202 -0.5105547046978518 -0.4100066057985061 -0.7134567141099741 -0.9093080977539769 0.2858169706149156 0.8300552344334653 
-0.8805022658320893 0.8971238245353947 0.08418916253625053 0.6113514289757618 -0.9020696674505655 0.5932876578468207 -0.6005597014319191 -0.07449649147094428 -0.2989394332883599 -0.2858415202794844 -0.9279738668260404 -0.88240994532013 -0.5447054146807406 0.9891504516172205 0.9148778328929754 -0.4331211131398647 -0.47543322013772027 -0.3331241161126688 0.49911740680578487 -0.8597502685156786 
-0.8805022658320893 0.8971238245353947 0.08418916253625053 0.6113514289757618 0.628263259380857 0.5602597968317864 0.8390531713969502 0.19726700933341124 -0.23021222012662967 -0.5925511458778412 -0.1807467686542792 0.5213766279889216 0.7574680017831645 -0.9969321714675057 0.8034900685298154 0.036607374020732664 -0.36657309409516836 0.07605883159292826 -0.630744611535921 -0.24114655757403436 
0.7574680017831645 -0.9969321714675057 0.8034900685298154 0.036607374020732664 -0.056205572173758434 -0.453094803683739 0.8930375430387596 -0.8060519341889738 -0.680939162430698 0.3565415393776721 -0.8906762493659295 0.5206701963349567 -0.6266315037904362 -0.04414444668787443 0.6951540034149379 0.6116833237311916 -0.10133498598791779 0.5008509880569199 -0.8126159470576153 -0.06718534235637663 
-0.6266315037904362 -0.04414444668787443 0.6951540034149379 0.6116833237311916 0.9517096622676506 0.0453636045180239 0.18331501164775243 0.01333964989620906 0.7795076265042555 -0.8095630078765375 -0.4822465084900469 0.7071548940827044 0.48106895621911505 -0.8259620082317918 0.8297204845223292 -0.3995506064761096 -0.26064514026721297 -0.11856805040673057 0.5066136643729608 -0.8725192967445878 
0.9517096622676506 0.0453636045180239 0.18331501164775243 0.01333964989620906 0.5060484865149275 -0.8473319760008937 0.46645719237474337 0.004865597545825162 -0.8543046557840646 0.1590718476576698 0.7212832874591852 0.18677692673333546 0.43444541069390596 -0.12936206612417145 -0.13490836024571706 0.7545696560575303 0.06232111684279551 0.7402122697207372 0.4527791272269588 -0.5218173854864325 
-0.8543046557840646 0.1590718476576698 0.7212832874591852 0.18677692673333546 -0.7159313172768202 0.2553321899440846 0.8962420958849291 0.6021868492806741 0.48538859363256615 0.8910369886365128 0.9227423555076628 0.8380141288868472 -0.06284929893929725 -0.17621897606015846 0.10281227467290033 -0.482330859901259 0.524580992417268 -0.27810198090653704 0.35519733812157717 -0.6678902546413983 
-0.8543046557840646 0.1590718476576698 0.7212832874591852 0.18677692673333546 -0.4238174817076228 0.32062010993078194 -0.24785546990265828 0.6416629041313651 -0.20060847573138263 -0.24302205585627035 -0.348898447878615 -0.5651911770605054 0.8009576948654458 0.18372576316993716 0.6902553856086453 -0.10011464264527192 -0.8530987717888261 -0.47625536767408594 -0.5574757036624878 0.2156615010478986 
-0.8543046557840646 0.1590718476576698 0.7212832874591852 0.18677692673333546 -0.979581498511527 0.35173446221958193 -0.8323895535606263 -0.5747891064970105 -0.11200489418401527 0.7639788967909178 -0.8425562335931702 -0.9272468965433489 0.1933886929530353 -0.8081776062756727 -0.14567984534064649 0.9153242150424101 -0.23093656833952636 0.4087500583423449 -0.8700711827878356 0.7054700092890871 
0.1933886929530353 -0.8081776062756727 -0.14567984534064649 0.9153242150424101 -0.1929575274187041 -0.7490736658734927 -0.2410070854053863 -0.3626465428779644 0.9930774920017911 -0.5962372284545716 -0.18465138749559906 0.6230245633201406 0.41420701549161665 0.8979356919669563 -0.6131416304911137 -0.8353562694289156 -0.6280661067831204 -0.9909245171754961 0.531280848792149 -0.7727241947858101 
0.41420701549161665 0.8979356919669563 -0.6131416304911137 -0.8353562694289156 -0.7229168245191142 0.5154080587465719 -0.17103288129695815 0.25426122885934155 -0.836105262992 -0.5295527675079628 -0.7395097251244804 -0.4512803186353407 0.8436908825253799 0.39059056473319687 0.6858134793379418 -0.4647988555671849 0.5372108072495909 -0.5601937012295446 0.6289645956066856 -0.11200398497529651 
0.8436908825253799 0.39059056473319687 0.6858134793379418 -0.4647988555671849 0.8610838605027376 -0.8786668256053862 -0.5322368322700606 -0.30000827955765574 -0.03632201993403528 0.8771916643917954 0.9035363864833352 0.24074705862500556 0.9158324758075742 -0.24576249809025685 0.5611818008774279 0.13617690773326951 -0.5749224453245263 -0.05388980148898104 0.6114018698875061 0.49104619720017895 
-0.5749224453245263 -0.05388980148898104 0.6114018698875061 0.49104619720017895 -0.89364366312529 0.6475970151024124 -0.8751089276268189 0.39838933083610417 0.7434740310409029 -0.7039159581683729 0.6068955152955884 -0.8660855335993956 -0.14701224485817677 -0.5043001101353051 0.6841165131970832 0.44970603254491515 0.2942039250752533 0.160795117091578 0.7800592492069081 0.3304553570610502 
-0.14701224485817677 -0.5043001101353051 0.6841165131970832 0.44970603254491515 -0.5874282903196255 0.7615513264714495 -0.6655011097757213 0.2881547134850677 -0.07666296989723098 -0.5681375759941694 0.3076472064894431 0.545847459626644 0.477746632404324 -0.223844991109309 -0.9108780359096289 -0.5767106865229008 0.35883952184928325 -0.5386238622052983 0.6828803266693546 0.3437804177775181 
-0.14701224485817677 -0.5043001101353051 0.6841165131970832 0.44970603254491515 0.4469144089124695 -0.522361521449785 -0.9588593209783662 -0.7198923010056992 -0.37395819345445425 -0.23336113227799693 0.6068326557755757 -0.7611393470280103 -0.2442965721254926 -0.2970019683325871 -0.09313409829160224 -0.9432262508772709 -0.12005733161981391 -0.9134447145367486 -0.6893765722950491 -0.48143838072793277 
-0.14701224485817677 -0.5043001101353051 0.6841165131970832 0.44970603254491515 -0.04733411145019595 -0.045028627495423024 0.7422792679213375 -0.007249570822528417 0.16930942223249934 -0.2888947236233219 -0.35154237412517864 -0.513781660391174 0.9535942554291199 -0.48125352556853485 0.620271348862043 -0.536015692050225 0.030073476158729573 0.5822029679549605 0.6264951856958518 0.8428850347118868 
0.9535942554291199 -0.48125352556853485 0.620271348862043 -0.536015692050225 -0.943373427163025 0.763152578698812 0.4022582238832433 -0.5213722957505653 -0.021604014012235995 -0.5964513644576401 -0.32215490237619004 0.4075142159693885 0.4426036252918266 0.1430861195130193 -0.7256260900393281 -0.9315379674686424 0.05726751105073036 0.5133844258082176 0.4392738273951351 -0.7578502423328524 
0.4426036252918266 0.1430861195130193 -0.7256260900393281 -0.9315379674686424 -0.12149220802962302 -0.2989186642275452 -0.446990152418973 -0.49756649248597373 -0.6598659128027482 0.41773809112090476 0.7384380161220008 0.39408628658726874 0.5201774495940685 0.8230686709191661 -0.43335666918328286 -0.1713217378957368 0.8101370174012377 0.2981112162046464 0.9213442768054634 0.037097698477082997 
-0.9085993554325371 -0.2013049826368536 0.9459404643626608 -0.3116497355980823 -0.2406157782938052 0.3996779254386498 0.5578902223471245 0.38285821580846613 0.7138420841116699 -0.9747176030190139 -0.23585097603231087 -0.6466743796116983 -0.18778635413650036 0.028339352920532912 -0.25123784771146673 -0.6258721365829414 -0.2720004705875141 0.759935306596865 -0.15153572257860937 0.88855539042505 
0.7138420841116699 -0.9747176030190139 -0.23585097603231087 -0.6466743796116983 0.13346611630515737 0.19880252492990924 0.5991232817119045 -0.500418531067159 0.2175412370304841 -0.336936565420352 0.5694988937200687 -0.838493037212396 -0.05790667803432825 -0.9222301012748628 -0.304674133418128 -0.823084051805842 0.50045690383129 -0.17187728339984165 0.050700698909334596 -0.2727741036017386 
-0.6899955533416366 -0.9566248153930164 -0.13738704267757162 -0.5180655158468401 -0.02733420568289824 0.13944352128815862 -0.859066076229912 -0.9877103250963006 0.04797960997482531 -0.950616995580873 0.12429662096176908 -0.2988660236661127 -0.4130927946477012 -0.6301517142517781 -0.7363540071435517 0.40762330603509334 0.5439780148892694 0.35697017874177495 0.7662310999827384 -0.42446841536420554 
-0.02733420568289824 0.13944352128815862 -0.859066076229912 -0.9877103250963006 -0.8367264483748402 -0.23079371731583476 -0.13609763847598 0.5471676056904264 -0.1557554189212622 0.6011047631601096 0.04836177393214758 0.8543084559660936 -0.32515471152162045 -0.15175695656440924 0.40694295068972774 0.9357386198408228 0.48401711436082495 -0.30235496083994606 0.09127977609012716 -0.9372290875752236 
-0.32515471152162045 -0.15175695656440924 0.40694295068972774 0.9357386198408228 -0.6902105227616668 0.6973543138233556 -0.44828680081989725 -0.5236080901194979 -0.9258100053035561 -0.18132188198413912 -0.5970131417458548 -0.15245701574303916 0.3381144379580663 -0.6480403209486738 0.5845736449572843 0.5474945616802795 0.4442345034364372 0.9406465828132864 -0.42557743088722266 0.26153552154285564 
0.3381144379580663 -0.6480403209486738 0.5845736449572843 0.5474945616802795 -0.12670016832618014 -0.5194551236852085 0.8961097806251317 -0.6363547267853247 0.044806939098370746 -0.0071913175820192965 0.9847644579690571 -0.6065482296398659 0.8095799737540275 0.14282343143345178 0.08558296541926613 -0.8477662491011329 0.4066362142337663 -0.7227114758768578 -0.3696189440066311 0.622448354456675 
0.9778939667237416 -0.457650603351228 -0.15430456778925739 0.6427561225729626 -0.3085570932160171 0.052366805912197334 0.8284825700512 -0.620585669476442 0.08360029548334458 -0.5021911748865451 -0.8801704698886526 -0.10393029028223677 0.6895389079260876 -0.2814664193572418 -0.02298801673993256 0.7587098576614835 0.4287798340042137 0.07759424276685722 0.8744281894836683 -0.32601664970285316 
0.6895389079260876 -0.2814664193572418 -0.02298801673993256 0.7587098576614835 -0.20510619932103324 0.2161990296068752 -0.7438363926517924 -0.8380108331437153 0.4720543903937795 -0.25145486730323463 -0.4393101994131743 0.05514580529470958 -0.060442779205823305 0.6874348139492579 -0.562002183206272 -0.5213815777406197 -0.8489709673114503 -0.8074998406977743 -0.14607309916883038 0.9566048908805738 
-0.8489709673114503 -0.8074998406977743 -0.14607309916883038 0.9566048908805738 0.9113112437498594 -0.40235861918191373 -0.7846766326315537 0.07793220574932125 0.9580280255597227 0.27962302438061126 -0.7597209889378269 -0.33989067705284426 0.6697662916361795 -0.4527479987951266 -0.28461203794706136 -0.04896438288268756 -0.12739594291090528 0.8250752468732978 0.42850519831459355 0.09405731291704389 
-0.8489709673114503 -0.8074998406977743 -0.14607309916883038 0.9566048908805738 0.2056659763853823 -0.7147319404830914 0.30303856140917707 0.9087144721915406 -0.06320102247763049 -0.1681026203729299 0.2554014844875727 0.7419898953707338 0.19434904530138453 -0.5359097300307833 -0.35547150398142824 0.37260178439510416 0.046991243356308 -0.38732631632314196 -0.40152625131725506 0.9160821819104272 
0.19434904530138453 -0.5359097300307833 -0.35547150398142824 0.37260178439510416 -0.4361993378340363 0.7682097848955793 0.5573757570651923 -0.9407415886718984 -0.2430359528117383 0.1524476771825367 0.288109734217886 -0.047231717776412996 0.383785374207646 0.8071337404175198 0.9642539889517914 -0.9613847655146184 -0.8477048239746785 -0.9799264038459514 0.9452467071921855 0.522737939746573 
-0.2430359528117383 0.1524476771825367 0.288109734217886 -0.047231717776412996 -0.9318801781824251 0.6785211738778714 -0.6934738368930518 -0.9694296851930524 -0.9708044773145725 0.9572126810010597 -0.8734820604899327 0.03262896722156272 -0.4708456080224821 0.45368369677460363 -0.9702009716340811 0.4306489983017736 0.7455274225118829 0.9814848337026554 0.6075563157318289 -0.13758295390643283 
-0.9318801781824251 0.6785211738778714 -0.6934738368930518 -0.9694296851930524 -0.7017445032467429 0.8505242029471194 0.9891588330332322 0.2824209527455912 0.3321614633581924 -0.6750481799621837 0.4251416433819073 -0.8272360791611235 0.8290561961837299 -0.2059354272247762 -0.3941617150901475 0.8213326864362638 0.6062508131418747 -0.9832175254858664 -0.32113782991164785 -0.1506818452767007 
-0.7017445032467429 0.8505242029471194 0.9891588330332322 0.2824209527455912 -0.4998313576398923 -0.9705622854906137 -0.1410423031487793 -0.12308692487671857 0.7039761534705931 -0.23748084585965712 -0.6726996427875516 0.3548770826844214 0.786252991370797 -0.3983455083963692 -0.1727158727884781 -0.19646155449056635 0.560435664495514 -0.9023493178966713 0.10751238900263815 0.19153831285447898 
0.7039761534705931 -0.23748084585965712 -0.6726996427875516 0.3548770826844214 -0.21837362331146992 0.06670499805400798 0.31971667473985343 0.5489826704130507 0.59362689365746 0.4988666568232101 0.3280324754918815 -0.264618905777805 -0.9108416266827744 0.6672845782626218 0.5903119942790491 -0.5341514201607225 -0.14834503051919024 0.12315175504797038 -0.7778759201342522 -0.6072198281515615 
-0.14834503051919024 0.12315175504797038 -0.7778759201342522 -0.6072198281515615 -0.3318829380143695 -0.7228386768215593 0.646455839695846 0.42925506931039425 -0.10371483066826981 0.47522758723698666 0.1254483805567408 0.9020991588291962 0.5627993351301022 -0.5867488450762184 0.6116681051906194 -0.18114512853155262 0.8025864064939086 -0.3445176631549751 -0.12109328378372264 -0.7221801700389727 
-0.3318829380143695 -0.7228386768215593 0.646455839695846 0.42925506931039425 -0.2523763463758788 0.49877043157260204 0.48320592844963395 0.8914931974970088 -0.4143263194949758 -0.6313973200614733 0.9346113991726941 0.3174921388970626 -0.5148480597451457 -0.7637406650858016 0.4505731747355626 -0.6148714580846255 0.8388535193960458 -0.9250823523893237 0.6822174265031331 -4.5289339938769935E-4 
-0.4143263194949758 -0.6313973200614733 0.9346113991726941 0.3174921388970626 -0.9919475459651037 0.3038747806425388 -0.9606022776668421 0.9720070914403294 -0.44116473747126617 0.8572921080613227 0.21538344645820295 0.3448372468888916 0.5358062816503313 -0.33055854950226493 -0.1509411095958646 0.3246957251837257 -0.3426453840559309 0.05469221824870463 0.16234309181931583 -0.25826995955779974 
-0.44116473747126617 0.8572921080613227 0.21538344645820295 0.3448372468888916 0.47712767706956694 -0.4640735147554933 -0.363975157460418 -0.5925239557922766 0.22149405894824148 0.07387327890464035 -0.5794308601915636 -0.8237782772293123 0.8717349163068828 0.9265823166418639 -0.02168736362590784 -0.8147647281518786 0.8400253510520448 -0.24383411511139363 -0.179647673585988 0.09185890306542599 
0.35915931756767616 0.7843514687782529 0.9711814278389876 -0.9055225212287812 0.4551038828076681 -0.5075953499456038 0.2218700518917882 0.9995998547598195 -0.823815904812091 -0.00751215255662574 0.9922512865165236 -0.4380738950444403 0.5009238769782081 0.9289820656397239 -0.6712491408354944 -0.5141471754330067 -0.022505046892884017 0.9630742656749327 -0.6050592729205218 -0.6791049194931904 
0.35915931756767616 0.7843514687782529 0.9711814278389876 -0.9055225212287812 -0.0012360377310474124 -0.613115901521494 -0.01238475314798615 0.3578394050348337 -0.5004861121487338 0.781687965269594 0.10119362440984614 -0.6324907862665266 -0.6467537367525149 0.16166443632209582 -0.04791046418643985 -0.21499145740241699 -0.026683202500084935 -0.47110215517554477 0.39074548799213416 0.7153743374025077 
0.8595025216914924 -0.2629900531704201 -0.15293523638500983 -0.6804108519688956 -0.7382908323344102 -0.8926377559079255 0.44610261855021704 -0.5040926861340123 -0.011001971648316955 -0.41954542972602904 -0.08412959363967887 0.6138474161337282 -0.15525999013577185 -0.04818629574682287 -0.2135530417675371 0.4149077813533293 0.45667796834674523 -0.6236197428617105 -0.6179161006799034 0.9389240578845519 
0.8595025216914924 -0.2629900531704201 -0.15293523638500983 -0.6804108519688956 0.5274184548711769 0.0465372959213779 -0.5277598425679444 -0.7142854947578214 0.21136085334381627 -0.5947372521919485 0.36842436299686687 -0.6656743659663553 -0.7498622954402705 -0.7056959215999103 -0.6561470038598005 -0.34961085253178403 -0.1923658732712512 -0.5287991119537259 -0.8754544607938768 0.7009552637005758 
-0.6844155732173054 0.10364400019553344 -0.9871693078381394 -0.7237991149533329 0.682737073984043 -0.3632558905728396 -0.07472645762925434 0.205828675514395 0.8349705320504248 -0.9588800628365994 -0.18783732777328832 0.5440522074834131 0.14539278461870242 0.46837603220315027 -0.8153829712204979 0.38080107448206624 0.2693330796113831 -0.9816830970347674 0.8217245299152158 -0.49264750068265606 
0.2693330796113831 -0.9816830970347674 0.8217245299152158 -0.49264750068265606 -0.08116504384259993 -0.33097829507370413 -0.4949152421681109 -0.8955381679586263 -0.4806705291548501 -0.18312302254253932 0.3516653542920871 -0.9210372813684335 -0.6012298177180204 0.08599069598088449 0.6789913300523645 -0.03643532703763053 0.5239036921645992 0.21638994806566614 -0.19001087848838583 -0.16198232101661292 
-0.6012298177180204 0.08599069598088449 0.6789913300523645 -0.03643532703763053 0.27452148931947007 -0.13459923648830086 0.5427280390784841 0.9260028806097125 0.5925933317641461 0.8664592451728157 0.4685329025116818 -0.8162559740498287 -0.10506890441881289 0.5860007100479121 0.05370327034549005 -0.7301917623613883 -0.9053479147322621 -0.9715030707997458 -0.4034121975135847 0.21758812045549325 
-0.6012298177180204 0.08599069598088449 0.6789913300523645 -0.03643532703763053 -0.16365004408776107 0.2990707962679673 0.8885027254616269 -0.7198886955720047 0.7182471026662822 -0.23813264362154096 -0.25210694920781695 -0.688352873392569 0.29242295870973223 0.7655417415234558 -0.5255725660255517 0.8910770955117104 -0.3302119091539908 0.22590530690863875 0.8636388399202435 -0.4331851373063691 
-0.01623514706876028 0.1616343873578443 -0.9721268478516623 -0.34931482817156945 -0.6753255774147315 -0.6677779915307922 -0.0741214719151777 -0.568199085816244 0.5070429534934742 -0.5813608771835974 0.7028021872136279 -0.22993162710041148 0.7829776821529904 -0.2730642901156515 0.8076878342444653 0.2886949631260276 -0.6023307513324367 -0.9518820697359935 0.06195799215504505 0.47183281444126 
0.7829776821529904 -0.2730642901156515 0.8076878342444653 0.2886949631260276 -0.7599638613790278 0.983098809464984 -0.49327840362539255 -0.7157972306201856 0.6153620794893786 0.8902768276890751 0.7808749171875702 0.9350934688482297 0.2168187652470368 0.6921970159288291 0.6359876632383374 0.6440537723789534 -0.20433043030313214 0.525849920460403 -0.17643028681700135 -0.2938930632813921 
-0.27068398610351574 0.7243383626421587 -0.4892633253858616 -0.16315743013362227 0.05413423113180338 -0.7391990814834442 0.964471098477057 0.5207785600860835 -0.32189341986052433 0.2746039522495125 -0.006425219633266588 0.995977857685941 -0.042330134004361586 -0.7759018894093359 0.5975863866473228 -0.5266859868568854 -0.922486239951817 0.4497043977153117 -0.37587112365187303 -0.8015821352704926 
-0.27068398610351574 0.7243383626421587 -0.4892633253858616 -0.16315743013362227 0.6919238373691645 0.9574950367287189 0.7088010599046637 0.2517635720403619 0.306105393133564 0.8608447726264401 -0.21276309389922798 0.731158912718967 0.01504412994093518 0.5583720116284394 0.13851531732642242 0.8331761238990205 0.17685055792222948 0.10705977197090943 0.7565020274241296 -0.11956876879187028 
-0.7289812614119382 0.4413159793745234 0.7974880118341017 -0.171843357991589 -0.4671022628794683 -0.5545572829286016 0.7062605481586677 0.3745491732271813 0.516287824390889 0.575587141789077 0.007076666380386287 0.9842718312902508 -0.19771597020798026 -0.8127537361561514 0.07264877708620987 0.15167726357395317 0.9364737198605921 0.48460821063593973 0.6655422276883247 -0.008605481815092464 
-0.4671022628794683 -0.5545572829286016 0.7062605481586677 0.3745491732271813 -0.6219626490320593 0.0016814420691417808 0.5668081733741341 -0.944186356620289 -0.0974222749705127 0.646742730277797 -0.024268306877547996 -0.574487781611138 -0.9994510750448795 -0.6096132572183812 0.007469935586533527 0.9569910348777038 -0.28034052482774263 -0.09684135048605635 -0.8573610745314555 -0.4458891634938882 
-0.6219626490320593 0.0016814420691417808 0.5668081733741341 -0.944186356620289 -0.6182669459367891 -0.6524979951678551 -0.4927306937096827 -0.8095929817779177 -0.05275186526229203 -0.5657490517145929 0.045470722435766 -0.838074986344685 -0.6314115639844224 0.020581862149974928 -0.5962749464223518 -0.7628637081848635 -0.7903011560198288 -0.21428997065921984 -0.6790224643754368 0.6360345761257207 
-0.6219626490320593 0.0016814420691417808 0.5668081733741341 -0.944186356620289 0.8690437652145067 0.14342548723234705 -0.49011223932562764 -0.40575284851809124 -0.4857970477533833 0.8597254924026185 -0.6465529753743102 -0.0685790381589404 -0.2744200826914476 -0.7591137926190132 0.8766258069545068 0.32144719015207035 0.03299182041098092 0.1449833692879745 -0.357343467263024 0.27362914626017676 
-0.4857970477533833 0.8597254924026185 -0.6465529753743102 -0.0685790381589404 0.157882252265104 -0.9388283845743008 0.4368175880597127 -0.8214644179007073 0.3183879166740302 -0.8009447935387435 -0.2961575424924454 0.9883788389173724 -0.3436897884521626 0.9188354422257983 -0.08471567519850609 0.7927565935320402 0.46502147341186917 0.9360646519694586 0.2832466156775748 -0.8145885641710273 
0.18268573108967368 0.940699732397994 0.9596674414660078 -0.767880111784593 -0.8806839226350525 -0.18794281052210127 0.3692999198511966 0.23795551379378477 0.6175575236146482 0.9188240678591799 0.37617272441038563 -0.6731438493326913 -0.791549169297278 -0.830567726263542 0.8428611774509591 -0.17610457450008243 0.5377523645833087 -0.8491605286358124 -0.1565739956831551 -0.719545088802555 
0.18268573108967368 0.940699732397994 0.9596674414660078 -0.767880111784593 -0.5905405486571129 0.9752390302102907 0.2612275404940192 0.6913807522696469 0.5089478832335315 0.03916484194204539 0.2154732539248192 0.012135925971774819 0.9491109656964181 0.9010473771861525 -0.010388995886418062 -0.8093009347822651 -0.615728110511534 -0.546821428855413 0.2030960705733762 0.057864591650343966 
0.9875106552568864 0.9485641906139761 -0.17625527749708092 -0.42427414809827146 0.49175872507347207 -0.49089523707288985 -0.14782721564648527 -0.6375280782685222 -0.8085986849061348 -0.8194364739218538 -0.3688634071870127 -0.11930149748836705 -0.30879155673268444 0.41987745077294036 0.9594155665066506 -0.8214892850854483 0.08752665502175616 0.7259378710662725 0.9555917289334404 0.7720469791666285 
0.5820522202635374 0.35285468925537433 0.1169558388130254 0.014299814065374061 0.7365141174071206 0.1011736588298573 0.777029062877453 0.9993034295306751 0.20703574507603673 -0.06833766179041256 -0.7118849244517906 -0.48990173994298236 0.06916465322498389 -0.26649040905009724 0.10061113802524169 -0.8170983626292831 -0.601611460741384 -0.6803731948990999 -0.08713493646817327 0.3568200399142254 
-0.601611460741384 -0.6803731948990999 -0.08713493646817327 0.3568200399142254 -0.7090232278962709 0.20990998533801264 0.6883206536132405 0.878363523755479 -0.6268279554109453 -0.5861320022596361 -0.9127655072644145 0.02760781371141796 -0.5535143017867252 -0.8506957553882863 0.623547045312989 -0.672975496715662 -0.9467055180330628 -0.22738198981585556 0.7298079338595727 0.13642305324528348 
-0.7090232278962709 0.20990998533801264 0.6883206536132405 0.878363523755479 0.6659471473302045 -0.9165267850098759 0.9406997179308272 -0.14074075612697756 0.9862386963660854 -0.47657322467903307 -0.15813211954245499 -0.2274021455190074 -0.22013390106516173 -0.8876621088277401 -0.5413604479683602 -0.22875726747094127 0.42936887959233627 -0.3278947786109714 -0.9902871239445821 -0.9006097534087121 
-0.7090232278962709 0.20990998533801264 0.6883206536132405 0.878363523755479 0.6483281228102162 0.09303577966301857 -0.8414597904729986 -0.689071195668362 0.5425138101839271 -0.20610750464355432 -0.7514872733175038 -0.9276669403320472 0.17859146839410478 -0.40688427989473475 0.7283563849712551 0.30292893918958397 -0.6796177948085285 -0.4961412907096976 0.9329110219334569 -0.865388887219106 
-0.7090232278962709 0.20990998533801264 0.6883206536132405 0.878363523755479 0.3934647341659381 0.8646486834927494 -0.9752050412401858 -0.5673420587565443 0.994394179334831 0.07087213711080187 -0.10069923383643431 0.44892937591826 -0.22328202502490013 -0.4065757284230678 -0.1575515564527974 -0.8815458869598489 -0.704315208280224 -0.30274312190535846 0.7352044231066575 -0.44973587550897554 
-0.7090232278962709 0.20990998533801264 0.6883206536132405 0.878363523755479 0.18658902697131174 -0.10956489817504789 -0.15411183165794462 0.7288427673123181 0.4073383111947364 -0.16779220051114296 0.7229955805236206 -0.31391243193322627 0.6620500398159592 0.05847326111058182 0.6783324664266737 0.5744557036741897 0.8956961329024491 0.0182872032124628 0.7561881494320357 -0.21062178638060747 
-0.7090232278962709 0.20990998533801264 0.6883206536132405 0.878363523755479 0.19342804842921169 0.9180545140885419 0.35034693756461777 0.9714664887403697 0.5678764167604391 -0.7649492854720701 0.2522170809084048 0.09490958255670767 -0.4637066930757736 0.8604129051754044 0.002693963889560891 -0.4225916250953965 0.8147415881819564 -0.9525464941735944 -0.8749673542317042 -0.10158327338055773 
-0.7090232278962709 0.20990998533801264 0.6883206536132405 0.878363523755479 -0.7332308475292317 0.8691910145732133 -0.1573455393951506 -0.31542257900907855 -0.9330149207289482 0.5278523953587948 -0.5193219421591504 0.4924722049266117 -0.25213442121818175 -0.21217570601545344 0.19718844230071486 0.6095437748639565 0.4493490178811179 0.7974864655140035 -0.5984720544659998 -0.8973558656216272 
-0.7332308475292317 0.8691910145732133 -0.1573455393951506 -0.31542257900907855 -0.28505151899366576 0.8594973761614786 -0.9021239531268934 0.4212695881077422 0.05569175954882577 -0.11172193312024281 -0.4188044602027987 0.644514700504917 0.14131383391059682 0.17615434180888911 0.6099620942539323 0.8929205832673281 0.008434225258145744 0.8535906927250578 0.24229397892189586 0.23741755470174764 
-0.7332308475292317 0.8691910145732133 -0.1573455393951506 -0.31542257900907855 0.6184801977853067 0.9952808401023037 -0.8367285661831401 0.76831756353996 0.7232489098598931 0.20940855962310678 0.34173876488914057 0.9165981080090251 0.216339050916581 -0.8597204107214025 0.6038659393993193 0.6506545965865094 -0.7244496060205781 0.9603205908523926 -0.3756206470133072 0.13119698506083166 
-0.7332308475292317 0.8691910145732133 -0.1573455393951506 -0.31542257900907855 -0.8131733632483336 -0.500603195943073 0.049051812054848654 0.7336240222171655 -0.22746219982177962 0.13735740149104836 0.8506024142669886 0.5689430655896581 0.005525563069374462 0.7646900213009149 0.12819490945032674 -0.4592581926565853 0.34935701255314466 0.6757206859481075 -0.3405407217339411 -0.24181491126259758 
-0.7332308475292317 0.8691910145732133 -0.1573455393951506 -0.31542257900907855 0.14891896798946114 -0.9983945928493163 -0.9715870490688603 0.21599612657643785 0.36384215572045386 0.33910641772486905 0.6490110405558107 0.5261590985667532 -0.37326287029417027 0.8472457747444113 0.8422200780608513 -0.40475652112447236 -0.6393588204959764 0.7004306487542062 -0.08948718997855742 0.2859678400314394 
-0.6393588204959764 0.7004306487542062 -0.08948718997855742 0.2859678400314394 -0.14182992719846133 0.3913455968817541 -0.7049713692225688 0.8662769751689217 0.4494451775764421 0.7925883913250285 0.3888122884516494 0.7622202047482189 0.665656925550919 0.07742636101486156 0.2958650234308773 0.5598399754878818 -0.9893243112475056 0.252931226651228 -0.9617554205735521 0.5442799892325465 
0.8394606994337606 0.5020899851956777 -0.264212250282029 -0.718936981547311 0.15210229513379914 0.9684662016115237 -0.03191631184373511 -0.038541728177074575 0.7301101252450439 0.042930633844975086 0.9059260632396828 0.027211378389755847 -0.2167078885480238 0.6148663487277004 -0.12544275090293988 -0.5360837082714653 0.6629425699010787 -0.23766242140443739 -0.49300433597758153 0.6760858295346157 
0.8018324192990569 0.641169920840571 -0.6689793050371529 -0.17700282317299965 0.7790485813478552 0.3891386203034548 -0.7969183119570191 -0.01978146084190313 0.7368733068539346 0.3558144093643867 0.9237295239411052 0.7855515001042614 -0.8186223996474005 0.3390703074796939 -0.2950275796334283 0.9840157055271959 0.7889913806444708 0.5318055176387411 -0.9745355411404821 -0.023817743801159752 
0.7889913806444708 0.5318055176387411 -0.9745355411404821 -0.023817743801159752 -0.2396541461596593 -0.3753794800639023 0.20424077987235512 -0.7720213552432857 0.581856905342349 -0.5130911124693847 -0.2232408281808247 -0.24643972096833222 -0.25034064425018254 0.2078658606775159 0.45866828755239997 0.04273938474672612 -0.9545141465040692 0.44143327984232994 -0.7455964357558993 0.7112859507311995 
0.7889913806444708 0.5318055176387411 -0.9745355411404821 -0.023817743801159752 -0.2869569889028334 0.5789767654627476 0.09285246873748876 0.8036014850689317 -0.09660751771850529 -0.9493813458497078 0.9346411393184515 -0.30255759615775824 0.09878519864841517 0.9522041499810663 -0.44943442251028687 -0.5380434647392105 -0.22170421931216633 -0.5772883650604996 -0.8818586758766274 0.867636925863883 
0.6626295060452343 -0.7248936865244047 -0.4917723879306688 -0.43116613034715456 -0.6248379893258802 -0.7076228426189386 0.23657835812784578 -0.9783261726558421 0.6514257391845333 0.2652630877920463 -0.8557528877747469 0.7939039067815299 0.25663044648130784 -0.8779191576046186 -0.29224712897059746 -0.2594299545761509 -0.020233060665191704 0.6969694804111954 0.4491681279307418 0.7963802260798922 
0.6514257391845333 0.2652630877920463 -0.8557528877747469 0.7939039067815299 0.5503502769235209 0.12268065117989457 0.31610162597197267 -0.3832742250480068 -0.5945102499993575 0.42232550804899605 0.08019549254725633 0.30626310382488864 0.7632405692106774 -0.30571544614536106 -0.13637462945019196 0.6797935753901949 0.8597031265786841 -0.6875505320361053 -0.7823147756302098 0.032503702697052717 
0.8597031265786841 -0.6875505320361053 -0.7823147756302098 0.032503702697052717 0.6067272537452613 0.9166347963172525 0.5218507845666644 0.5739130825153178 0.28201198785183057 -0.11500006871369295 0.5919194233993543 0.5611968443308464 0.40173415094789 -0.4238668802663297 -0.7188065208236618 -0.7456704700472996 0.9938109165008078 -0.20105483513961242 -0.24592022906056799 -0.026151523120425235 
-0.33633198966798505 -0.05144657155846777 -0.38984666889038677 0.45514697353302114 0.1857266072313608 -0.7964241462494068 -0.62481225120736 0.9648225592945363 -0.5568171157863069 0.4757717782653579 0.6224075724330085 0.812558562562659 -0.10933386497505704 -0.09791715327126149 0.6756022469592278 -0.6145690941597599 0.147354803739008 -0.4601909643207245 0.12703482233778418 -0.6688527461768572 
-0.33633198966798505 -0.05144657155846777 -0.38984666889038677 0.45514697353302114 -0.4718335136001579 -0.6557365085085045 0.6478559245274376 -0.004184725638150866 -0.7062128434985582 -0.3880252201363583 0.9963387398882169 0.9623889958249332 -0.8178571874286513 -0.14057811415575316 -0.6194206512086269 0.9648076743451697 0.6323268057932239 -0.8385347624196633 0.07684827544085038 -0.5720285799634488 
-0.4718335136001579 -0.6557365085085045 0.6478559245274376 -0.004184725638150866 -0.2717273580014079 0.8865659204888408 -0.35850751076547693 0.0015600035887446406 -0.2252909569320205 -0.8646508050026231 -0.12718490377273795 0.02015437547752441 0.22831866851089289 -0.22077958109325602 -0.9372737395061803 -0.8267088605914505 -0.3078777193678315 0.14339410864520752 -0.5392382245181215 0.4708605135761632 
-0.4718335136001579 -0.6557365085085045 0.6478559245274376 -0.004184725638150866 -0.69530028730288 -0.08444347369096761 0.022824321931467217 0.7102111392027115 -0.02455155035790635 0.32994712417288796 -0.6809368439766752 0.23619632148626324 0.42882740259166585 -0.9985615479048244 0.3803386965300055 0.660957522776134 -0.9148491681534763 -0.6339221644383777 0.5192313917272255 -0.09176541324959064 
0.020936507551050365 -0.28618592955313904 0.02940370716283147 -0.8170384085826576 0.47644026665102857 -0.5553140883097953 0.4464478641553984 -0.696402038372562 -0.20300709295795083 -0.2431048960186859 -0.6445900886780522 -0.3322963932054299 -0.6043584792359573 -0.41042336848454 -0.2469892912813303 0.8554124853576077 -0.19389752942341176 0.9513837103384195 -0.7860544457484653 0.7405240564264446 
0.47644026665102857 -0.5553140883097953 0.4464478641553984 -0.696402038372562 -0.6795053983042401 -0.26934473433128336 0.3409190850812487 0.9398708639593842 -0.09241029014940061 0.09415612581586541 -0.42192635526947964 0.3907859073027129 0.4756941150819598 0.847056207212775 -0.6153312362745254 0.6790077871471287 -0.5139418639266702 -0.7860369169625476 -0.17028884838279046 0.809193110026349 
-0.765176400151738 0.9963412911567275 -0.9958568222038333 -0.8517821857622043 0.8847278764583899 0.027990344718118676 0.34323271061702876 -0.9651158916117528 0.9042726757415243 0.6739443212239873 0.26547204655818457 -0.7053715390243542 0.09700246559065961 0.504210282841133 -0.8419431049979806 -0.5098360965800701 -0.973677077189524 0.6847100426728172 -0.28147952734791115 0.19470703595978267 
-0.765176400151738 0.9963412911567275 -0.9958568222038333 -0.8517821857622043 0.38123396978863 0.5715308792724834 -0.5904459367799597 0.3500489884422846 -0.6840049893838813 0.6470505668032385 -0.18641539658885176 0.8990233546501349 0.9318181457819505 0.2806245285156115 0.62467751824943 0.05574786716969826 -0.6751593911919427 -0.2654186627543349 0.6964676030309154 7.467816043351672E-4 
-0.6751593911919427 -0.2654186627543349 0.6964676030309154 7.467816043351672E-4 0.5107550596429986 -0.9600358492472532 -0.8229485279524456 -0.6511146200400084 0.48287885687347987 0.6619255063352807 -0.2059730421842465 -0.23523380283753959 -0.8602205539563119 -0.8526898350361163 -0.7055900861034878 0.5010366680880147 -0.3389217323950495 -0.6066477401437822 -0.01277435991338538 -0.6146591163337782 
-0.3968377342249165 0.7344391877355003 0.06422952630837031 0.10529560176684916 -0.2319555417258008 -0.8971563863592149 -0.8220569899037873 0.710991757763991 -0.0228674281296517 0.8381957928328201 -0.5795789842138896 -0.43454628218714664 0.9098991982870552 0.998449017717824 0.013840609282871341 -0.7843108085110897 -0.3341446160953969 0.7619800393181777 -0.7309190763549702 0.4009681605913309 
-0.3968377342249165 0.7344391877355003 0.06422952630837031 0.10529560176684916 -0.9825783381796245 -0.782995758632504 0.9363872868083511 0.3881475006677173 0.6608404454510104 0.7038145395055484 0.8292337269411967 0.048329176349992675 -0.5777900322904237 -0.8723899905140295 0.5548136810585931 0.6428761006706187 -0.5047337870983353 -0.6805050953974994 0.18239288125863995 0.23773546305764204 
0.6608404454510104 0.7038145395055484 0.8292337269411967 0.048329176349992675 -0.40464446989946046 -0.35540429269370843 0.5761120737294765 -0.9814010213787316 0.3281693560785295 0.27812906157485506 -0.725285332753407 0.47446735786879213 -0.5618503143004665 -0.6461867026474606 -0.9935851774510156 0.40759553127611814 0.3492409506211913 -0.06590564253287523 -0.3876229716897466 -0.0381912212581359 
-0.5618503143004665 -0.6461867026474606 -0.9935851774510156 0.40759553127611814 -0.35082877853956695 0.04477527718760488 -0.33387042274394685 0.9547817871465734 -0.012058947574858925 -0.6581089342043152 0.9134090311915883 -0.6695103603364969 -0.8582241113417621 0.39245794005419876 -0.8164121377851958 -0.2316252114633035 0.3161704837632431 -0.32525889080977777 0.5647695654261315 0.9328015805049126 
-0.5618503143004665 -0.6461867026474606 -0.9935851774510156 0.40759553127611814 -0.6501953588840943 0.7259972650894173 -0.02853367930218753 0.3301402910832445 -0.8281426654093342 0.8126802284474786 0.19548195425223946 -0.33720088782114277 0.9979140618340991 -0.7776159785986025 0.4527548496400424 -0.004229727008004502 -0.669336870800634 0.7725190305477898 -0.7164211559234719 -0.971920813100825 
-0.669336870800634 0.7725190305477898 -0.7164211559234719 -0.971920813100825 -0.3242984381476752 -0.6582454024074234 0.33753975938421266 -0.8013652486292162 -0.34083557873565784 -0.8709428144452989 -0.3912835213223047 0.8528805351053752 0.6532496717687766 0.010681513200731851 -0.6342430567743782 0.1216720150962245 0.6349249958773886 -0.8958583603520054 -0.8953299840163058 -0.07094347738202633 
0.6349249958773886 -0.8958583603520054 -0.8953299840163058 -0.07094347738202633 -0.05462223632289698 -0.32968011105862915 0.3739804084656635 0.8119313053011228 0.5192860549686065 -0.30907292233751393 0.6800291074231801 0.7364628636297219 0.25555306400131106 -0.21055852155138055 -0.45696831512633107 0.18556711851116003 -0.6749877240473698 -0.6484770222982814 -0.2510939994944703 0.7218964139925939 
0.5192860549686065 -0.30907292233751393 0.6800291074231801 0.7364628636297219 0.4322624707350846 -0.6782257637589135 -0.24744568270196243 -0.6080540543823705 -0.5161893531206776 0.1504895238589885 -0.5349656046147195 0.38321414455383973 -0.9231950466825571 0.2380262676082172 0.43082930112296136 -0.3898554927138602 -0.9767512399498866 -0.184211794601985 -0.767001762386889 0.5256315288086204 
-0.09460738564199023 -0.9556586897510262 -0.11698586187021487 -0.2963900352567963 -0.5178124095736527 0.6653425329271614 -0.09124160808071347 -0.6025048251504146 0.9449227252219887 -0.7161187481073268 0.7803380610211739 0.28302924533073615 -0.15496563934305319 0.5290662944676146 0.44984031905201927 -0.8065607059933528 -0.9259181234506952 -0.901258958251026 0.11196015878167476 -0.810574833113378 
-0.15496563934305319 0.5290662944676146 0.44984031905201927 -0.8065607059933528 -0.3980430435309148 -0.2641051154287999 -0.6114214724946798 0.11748050226313977 0.16732301507484126 -0.13233086479161416 0.01294943199611076 0.33130689254030665 -0.4360320069825232 -0.795621754536963 0.4256067832005479 -0.5366559029498685 -0.8028530098490878 -0.11754433246874751 -0.37895471318771023 -0.5835715396222423 
-0.3980430435309148 -0.2641051154287999 -0.6114214724946798 0.11748050226313977 0.797121981014379 0.5581569578787171 0.873300258817876 -0.201048894266332 -0.4831473083868978 -0.5034287610070804 -0.47330235058704107 0.6275321543348176 -0.883728828236618 0.23903798031704993 -0.9008840095541006 -0.6723504541762129 0.6675598576335051 0.3765207260468988 -0.8438232140849307 0.34200510906493164 
-0.4831473083868978 -0.5034287610070804 -0.47330235058704107 0.6275321543348176 -0.30334934919421075 0.3907787580527531 0.5880482792082384 0.5927173780796964 -0.9620148981445749 0.06270789634234153 0.4296388504598978 -0.7747309874708634 -0.28094543248640647 -0.08027764035198648 0.8931666768082533 -0.648554763715717 0.8116567461167696 -0.8804256171217648 0.34590808718346366 -0.7122829552430214 
-0.30334934919421075 0.3907787580527531 0.5880482792082384 0.5927173780796964 0.0033781701408808207 -0.0568174425354977 -0.005224212063285938 0.9553144969501495 0.2985092817276642 -0.6559189390951536 0.7209333710783026 0.45764343028410415 -0.9907985148395324 0.8404650244867589 -0.8405267537002248 0.8529985101932189 0.037719114179776136 -0.40755936602517884 -0.1425507822979597 0.4759200273551867 
-0.9907985148395324 0.8404650244867589 -0.8405267537002248 0.8529985101932189 -0.8898112042077932 0.15127972124706446 0.12114930644173172 0.2931306317649742 -0.5422484213171501 0.4750608490125814 0.8597920751622112 0.8550275180002584 0.25695921532539745 -0.3892441923157195 -0.015054895325011808 -0.30707735539613745 -0.5397263391992915 0.09201947052600801 -0.30567652814367285 -0.9376001557423261 
-0.5397263391992915 0.09201947052600801 -0.30567652814367285 -0.9376001557423261 -0.3226299791196414 -0.712441825809119 0.02465764988973862 -0.3557479267730599 0.9309216236299236 -0.45205131163956747 0.4356402460375104 0.8303116940695778 0.20574191143221654 0.06994622085744306 0.976561792046301 0.533764306206983 -0.8819703627325202 0.12214694473241683 -0.2520682211661305 -0.5876303041810578 
-0.5397263391992915 0.09201947052600801 -0.30567652814367285 -0.9376001557423261 0.8133268766469788 0.7326047570451946 0.37739041931045625 0.015822890967426062 -0.613351781065135 -0.685876879487171 -0.16513301314092632 -0.3821417692757967 -0.7423548607139527 -0.7131585015989554 0.8668747491606719 -0.15623060155905688 0.040912176426879165 -0.8821492603888477 0.6567726383454466 -0.8848667023196555 
-0.7423548607139527 -0.7131585015989554 0.8668747491606719 -0.15623060155905688 0.4178259944102505 0.8428400860779257 0.5027811574030407 -0.13134738881499186 0.2899639620385004 0.7593784606544423 0.03305837910518994 0.44422423297137015 -0.5155785386474745 -0.21630566856515854 0.16201362122847707 -0.9609445491266015 0.7136494144597101 0.6289633415597089 -0.28522119709862404 -0.3047977027405091 
0.7136494144597101 0.6289633415597089 -0.28522119709862404 -0.3047977027405091 0.057159170309030616 -0.5298080553283708 0.666777825811113 0.2696910471192189 0.8991096472907585 0.33243397893316473 -0.08548609706386379 -0.366036856462008 0.6125090685915824 -0.1468182906050448 -0.46595230621786143 0.383655386860682 0.4977579717994012 -0.5990652404838495 0.8473746084597651 -0.4866610662090156 
0.6125090685915824 -0.1468182906050448 -0.46595230621786143 0.383655386860682 0.6967917884049417 0.745888661579676 -0.966886267827312 0.8339442438154194 0.85161038581497 0.5916160565533033 -0.3837057707177207 0.8331701197886909 0.43198287400002955 0.6309769345901515 -0.21261488965082243 0.6347245316554924 -0.6621141984630645 -0.17630313058898972 0.4406919580943589 -0.5123385264882359 
-0.7707093619984968 0.5692521161438857 -0.6218173179054172 0.7070113825864204 -0.722394649720963 -0.059892839889738925 0.18563518751877472 0.74570766859596 0.5894592953084148 -0.4907098693830134 0.6013661129059751 -0.3552619397614609 -0.3496339229101064 -0.23344982300553685 -0.870774512440438 -0.9635896311506591 -0.7892852415991509 -0.9715910508699217 -0.8222981275596797 -0.13756865115779626 
-0.722394649720963 -0.059892839889738925 0.18563518751877472 0.74570766859596 -0.12534435338416827 -0.4588785863360676 0.6580509174612055 -0.06893152018090509 0.08768492562650243 -0.27300372137040196 0.9635853976083002 -0.5790129899025382 0.3791448316124735 0.43076939470194375 0.7933052716587232 -0.00708212460949964 0.2598159493229486 -0.5809812940450558 0.38957770890880083 0.2256321122471987 
-0.12534435338416827 -0.4588785863360676 0.6580509174612055 -0.06893152018090509 -0.5933341684386768 0.20520908278051575 0.05831698476671643 0.46293785953204125 0.7067030751411956 -0.1142749574102333 0.5905148040295431 -0.7892727163563857 -0.4882941155452496 0.3506546873340777 -0.54267349169724 0.18170773628556613 -0.38849558888345137 -0.36062217792255336 0.4071449410295733 -0.40378108330293316 
-0.38849558888345137 -0.36062217792255336 0.4071449410295733 -0.40378108330293316 0.8337690546660246 0.6920660478607834 0.8823360177349902 -0.143460275502167 0.44679976278246136 -0.2484710807876882 -0.8393673934336703 0.7795501358206494 -0.49738828025582293 -0.1129262118378227 0.3384525850724014 0.8381472949764821 0.7850377235115678 0.07217192977411568 0.5880226623831881 -0.8880710382657495 
0.8337690546660246 0.6920660478607834 0.8823360177349902 -0.143460275502167 -0.09914930717646686 0.24822990231648 0.5425652500679325 0.6662732029691363 0.047371844043359035 -0.4789620854322787 -0.17489410988781273 -0.97112367327854 -0.6360373626112954 0.7919349137475387 -0.8346771545406799 0.6026697316133138 -0.8715633995433554 -0.09278049037139868 0.7876373931258098 0.873074620845254 
0.047371844043359035 -0.4789620854322787 -0.17489410988781273 -0.97112367327854 0.11570405684636764 -0.20764161123378977 -0.7523256132801481 0.3807073826525378 -0.3257013492340137 -0.7961002606236107 0.14524646263245344 0.2265710092885389 0.9449251426957077 0.18552619145382176 0.9083050912383195 0.18723933853494912 -0.24813579437158229 -0.5514593524449556 0.5644389659416114 0.7536721603951881 
-0.24813579437158229 -0.5514593524449556 0.5644389659416114 0.7536721603951881 0.4622312599566998 -0.34230452489616514 0.19907991418546556 -0.6075013521262993 0.5548250681115949 0.7506335163448323 0.7823523323906696 -0.7294229930392517 0.48373221570168834 -0.6407753162930045 -0.3376466187503828 -0.746599375635582 -0.17550992859747083 0.46630383221904226 -0.013836603686453897 0.46564656850156805 
-0.24813579437158229 -0.5514593524449556 0.5644389659416114 0.7536721603951881 0.1767528642462728 0.5532566088074442 -0.06395286728077165 0.5170058763563543 0.1453013534389267 0.4629483283203435 0.9346984996444467 0.6384934121612282 0.9482455473178621 -0.3826926630317242 0.5823770774696073 -0.7639708430522303 0.9155981057497229 0.5975750107780748 -0.9329794967194067 -0.7484693257383075 
-0.24813579437158229 -0.5514593524449556 0.5644389659416114 0.7536721603951881 0.40107262289464485 0.1318541108847202 0.610174885498165 0.4235239165840574 -0.33653726177405097 0.9762789752880843 -0.2174681697107852 -0.36566791445746083 -0.7096108988645846 -0.7389992703896737 -0.1440552461935094 -0.4584614857907632 0.8218857814755129 -0.7668008521232208 -0.32636525800845084 -0.29880331705837726 
-0.530076079094671 -0.28589977560222146 -0.4445056267325287 0.3258959955484382 0.8781410272277372 0.9353386911619854 -0.9876355055297319 0.08286688993854252 0.8245669487651173 0.08707782218790161 -0.6669592545043244 -0.7870375198653723 0.8745404873528877 -0.5144769578677266 0.20541149982418339 0.6387314319463977 0.2080354839439802 -0.3107198537763398 -0.8676956485315259 -0.589613049328068 
0.8245669487651173 0.08707782218790161 -0.6669592545043244 -0.7870375198653723 -0.9133326967543391 -0.7136235325715667 -0.22850744692716618 0.4296968802726737 -0.7028262020913114 -0.9593131248022355 -0.1741312901652543 0.8271991392074607 -0.10671826064603951 0.16357778042442916 -0.49393352371414356 -0.2861529186272256 0.7821628011672714 0.22585831249413224 0.2840189954604466 0.8814676786001729 
-0.9133326967543391 -0.7136235325715667 -0.22850744692716618 0.4296968802726737 -0.4144373304153146 0.7442447624536144 0.8557135732148078 0.14163525123225962 0.8026826183989186 0.16538901143176066 -0.017785388011198222 -0.08587652691424497 0.5362289031859022 0.9599509143911966 -0.840127164709751 0.560818496945189 -0.7803794575115663 0.3314724727148277 -0.9552646841235277 0.01980986530720763 
-0.4144373304153146 0.7442447624536144 0.8557135732148078 0.14163525123225962 -0.9752219580477921 -0.05531036427858038 0.8406005979540832 -0.44387701031015014 -0.16502870204018727 0.14546566912251446 -0.817693856073272 -0.5699867196055819 0.6752894364671729 0.9167415550623581 -0.9393124868304983 0.5388124582391305 -0.6135824036793676 -0.7790548022639276 -0.2078451926348841 -0.10823990971518027 
-0.16502870204018727 0.14546566912251446 -0.817693856073272 -0.5699867196055819 0.2571684253534643 -0.01208270508255982 -0.5303138123790547 -0.3391534000906371 -0.4803000883582098 -0.7350269828499212 -0.7259007568211655 -0.2302118333408123 -0.08374005268519302 0.03472232736982073 0.5575192621206821 0.8109395091002078 -0.9514879446814906 -0.937918317878534 -0.6261652687944301 -0.5331780221927307 
0.2571684253534643 -0.01208270508255982 -0.5303138123790547 -0.3391534000906371 -0.8670402367421264 -0.2546295582406459 -0.9250480311562712 0.3781052591907914 0.022797681818803817 -0.9853027745618104 0.14940037331768896 -0.5595279960629611 0.888250906299034 0.15562737806256122 0.371451478092673 -0.010246902274173575 -0.8619927049434162 0.14467535446309254 0.9741432074243037 0.4588905821903537 
-0.8619927049434162 0.14467535446309254 0.9741432074243037 0.4588905821903537 0.5224585988723118 -0.9437393346772831 -0.6841123265128892 -0.04528106469528126 0.8164118493956753 0.2889226156393603 0.06039110620242227 -0.3375571907102337 0.8881025293754885 0.9613106116455499 0.5301390598175351 0.20506011329775253 -0.6321786721785287 0.04490933285336607 -0.05592181170459076 -0.9783748141898936 
-0.8298007296605421 -0.1925424457401428 -0.7786281511789077 0.3887065915790844 -0.6800163969544781 -0.6187484965246204 0.5392511479949618 -0.9719267032165682 0.49213472080365706 -0.8123572395955578 -0.4176715470606398 0.4283375179916724 -0.5415326122207886 -0.3800723752430828 0.9575892125893992 -0.9353065849697317 -0.28253995923116526 0.10763634075067419 0.4273128937356254 0.4613318060398912 
-0.5415326122207886 -0.3800723752430828 0.9575892125893992 -0.9353065849697317 0.3455525183298416 -0.8914440140896582 -0.8461875842338098 -0.5581569037974017 0.5055076990079663 0.7278957608675083 -0.16602591943326517 0.7789953731493868 -0.6582839419019313 0.4951959220609048 0.6524436407175678 0.18570982180420414 0.12891376185062087 -0.8183956726054675 0.4116936362236394 -0.9987476241881346 
-0.6582839419019313 0.4951959220609048 0.6524436407175678 0.18570982180420414 -0.1010193229313614 -0.4254068638460913 0.14247959894103257 -0.23851805264163328 -0.9698846213758201 -0.30757843019229103 -0.04171226371712211 -0.9012784887070102 0.004609930669575046 0.42997998343962185 0.4604383572930415 -0.14278156913605544 0.94185292295042 -0.4259027705112195 0.31246943309123076 -0.6541360937663949 
0.94185292295042 -0.4259027705112195 0.31246943309123076 -0.6541360937663949 -0.17967219897149156 -0.3629492072739422 -0.08283579134539898 0.1476003552540719 -0.852298030496855 0.4734667811663962 0.5589071585739076 -0.17168752928409248 0.48691209522552303 -0.8232202609859178 -0.9636775895488181 -0.014851108266408897 0.014496109681763514 0.5138466800366805 0.6822031791896439 0.09077272706595618 
-0.852298030496855 0.4734667811663962 0.5589071585739076 -0.17168752928409248 0.6766652732299527 -0.28584925941548955 -0.9905069810507532 0.034474886184451936 0.9801542996563652 0.4335028649176025 0.971628993022503 0.13238813213091838 0.9170956584275611 -0.5431442106864277 -0.8074629135696854 -0.5294609649965094 -0.7229142343660586 -0.5499867349866767 0.8790112670111656 -0.2615339090089275 
-0.7229142343660586 -0.5499867349866767 0.8790112670111656 -0.2615339090089275 0.02959167114440331 0.0021477217460299514 0.22930974774642565 -0.9674216202354278 0.6893761692559843 -0.2628204479893348 -0.5130286277332141 -0.8774786114870137 0.4598949110254813 0.7415911742122141 -0.46429616136733576 -0.0915011675491395 0.17043695581191676 0.602613692895569 -0.8710013373525483 -0.8327267453610521 
-0.7229142343660586 -0.5499867349866767 0.8790112670111656 -0.2615339090089275 -0.793611024594167 -0.7003780586395287 -0.3552042492903218 0.6583071532020628 -0.5159805149100585 0.46556929276076 -0.07635588022327422 -0.6259682580222694 -0.17383723439626309 -0.7055283576511082 0.07531616065696012 0.45129880484608953 -0.06890368387587675 -0.6580090143773061 0.3268876869930599 -0.5912714338845135 
-0.7229142343660586 -0.5499867349866767 0.8790112670111656 -0.2615339090089275 -0.48697209487381166 -0.6083267546670112 -0.8152038182263748 0.05002582423904811 -0.5601768851310924 -0.7851881360242181 0.8715928264599366 0.7635986953417575 0.759841620517749 0.7955158599993182 0.6637178231411314 -0.6164918458133837 0.11832200147593785 -0.23884164792973417 0.883458272569382 0.5127330630788303 
-0.5601768851310924 -0.7851881360242181 0.8715928264599366 0.7635986953417575 0.0921688720160172 -0.043905017177206185 0.8603967697573183 -0.25167819037428574 -0.857651323520511 0.9222956970181422 -0.7041239612137666 -0.29785713948274184 -0.4133730046429225 -0.7420778299480189 -0.19551992115231642 -0.6465326652016525 -0.6112605354676295 -0.051435670152473856 -0.10058369243722409 0.9389541129643233 
-0.5601768851310924 -0.7851881360242181 0.8715928264599366 0.7635986953417575 0.9317591644978871 0.46839701597307926 -0.42880765820993805 0.5401788778916929 -0.621290909512352 -0.7093963782911323 0.8349892906056475 0.4899988934624173 0.522199299767309 0.5514530610311585 -0.2519082630526248 -0.32486407419550845 0.7313189082029117 -0.0814591938422593 0.06464846068879448 0.049884514660945456 
0.9677056492872949 -0.7266531277676598 0.9311875434505124 0.8674814675265083 -0.15282947058334195 0.9500266649405031 -0.6048811426956804 0.3312060564996049 -0.8717376994351465 0.13183715193712486 -0.0306193327983173 0.4770556405946975 0.09427378591986613 0.8516897352464403 0.1754884375910999 -0.512272578528183 0.1825373506537029 0.8633638160002342 0.5747803044276625 -0.43868295733426277 
-0.8717376994351465 0.13183715193712486 -0.0306193327983173 0.4770556405946975 0.7418665517701184 0.2818785762777647 -0.8044487525982458 -0.8205361919070915 0.12104339928602337 0.08772194399969813 0.12354160342368958 -0.17502612851107946 0.8425729725732778 -0.1616935745672592 0.930052967630306 0.7844623952864604 -0.06471457408293091 0.8897576922008232 0.8982254138713863 0.9876330706328793 
-0.8423301088450719 0.24924190629427345 -0.7412422013472857 0.9067993023145586 0.6095032730053955 0.9368374504739696 0.4457282147963124 -0.8801380043025122 0.43700840208388847 0.9989373310346752 -0.8197269758506784 -0.13644669447179347 -0.07461789803618646 0.9246690850323225 -0.5476971506064425 0.28348014526646503 0.45189834691249 -0.13505558360821568 0.9295937044543614 0.7258211263942875 
-0.07461789803618646 0.9246690850323225 -0.5476971506064425 0.28348014526646503 -0.43820463605722537 0.15152369762960016 0.2950431288346036 -0.10601753212022214 0.31858150714519406 0.9904516208708098 0.07834663252553908 -0.1713887647680281 0.0962478208491504 -0.24388575473204588 0.028782720434766595 -0.9085566278966886 -0.04592296471128776 0.7151388425693606 -0.9100276241571439 0.49759273601497944 
0.31858150714519406 0.9904516208708098 0.07834663252553908 -0.1713887647680281 0.25581305607457394 -0.1563131995181457 0.2566277978337139 0.0987995149474521 0.07458646746999076 0.36789876148666667 0.8807412921106024 0.6261960147321131 -0.0833973022512291 -0.6536734697863331 0.05483565769932097 0.16438313451101783 0.7922082780972433 0.8602629492079916 -0.010343333347012207 0.028476687076916862 
-0.0833973022512291 -0.6536734697863331 0.05483565769932097 0.16438313451101783 -0.16895450465406525 -0.21445499182776628 0.7844112273055837 -0.750464582195858 0.18281876185862678 -0.19712428786768865 -0.46445501855030313 0.8553054289614013 0.1859664263020353 0.7999901239959772 0.3716197753420998 -0.9284669168779218 0.40451031905777857 0.8186648390574132 -0.052362887109087985 -0.6892040711055807 
0.18281876185862678 -0.19712428786768865 -0.46445501855030313 0.8553054289614013 -0.3976183615798905 -0.8408124149273597 0.47306560894282845 0.7100402597643503 0.6479376838448467 0.3782967520633047 -0.3737456506622705 -0.11194502247139515 0.19124861098719914 0.6992115725438648 -0.4211416335042377 -0.3283202049497618 -0.9187166826916333 -0.3290789929898812 -0.5939903194580232 0.4811871733200588 
0.19124861098719914 0.6992115725438648 -0.4211416335042377 -0.3283202049497618 0.26791177933138943 0.20302674560486444 0.5729758537318324 0.3014757192072186 0.9982288532078434 -0.654441297445185 0.4882669518477283 -0.08080050068866762 -0.6461478069834075 0.005075228294772582 0.7220665965582929 0.681994100213817 0.10214335258745733 0.7163753904594523 0.807883517561568 -0.9376640749321346 
0.19124861098719914 0.6992115725438648 -0.4211416335042377 -0.3283202049497618 -0.8044280312407581 -0.5385934430181285 0.12081141104462256 -0.5525644486832859 -0.1258462170918857 -0.17952724774259887 0.7362338262131225 0.7771017141829628 -0.9611051311380534 -0.9977563858724121 0.5353078182441298 0.017216710678281677 -0.8940838615846753 -0.666369495830688 -0.8444971448658922 0.7735430356044897 
0.8766270319203187 -0.4227483137483914 0.30690721123881404 0.20782508376004727 0.14488928995394335 0.8465313514609849 0.36095469650369805 0.689254840828009 -0.4279840815457199 0.31792649103948967 -0.7177545034215342 -0.9912852079383212 -0.1684379443959303 0.4647719245870534 0.5868085592318275 0.9228856677385058 -0.5678576102436514 0.10106853648627334 -0.7727351585149729 -0.41189506895497985 
-0.1684379443959303 0.4647719245870534 0.5868085592318275 0.9228856677385058 -0.8001654303737409 0.2567314107300891 0.80074617940635 -0.15489484889109728 0.6703574590607069 -0.3261120487194191 -0.6234785375850975 0.948337922025577 0.8403089449398886 0.4602278466031855 0.10070226426316009 0.788788563402254 0.03669421825992303 -0.3905760059265182 -0.05609970632248107 -0.7489632103170487 
-0.8001654303737409 0.2567314107300891 0.80074617940635 -0.15489484889109728 0.9906352229257456 -0.5689801435401942 -0.9559786151325784 -0.5672183044378651 -0.74193049973948 -0.598956027238013 -0.02178028415459332 0.7543264102413463 -0.855376324969332 0.9676449255951627 0.27602285101992874 -0.7238139429794448 -0.3103082160208477 -0.35522811746514393 -0.5509883597288399 -0.23171746929393788 
-0.8001654303737409 0.2567314107300891 0.80074617940635 -0.15489484889109728 0.23819829228217082 -0.01824758262827464 -0.16428213409620396 0.8854905830980087 0.863725236444431 0.4315868878517837 0.8229844623275939 0.598070596901191 0.8024078473004128 -0.9120036680135744 -0.6547103923749544 -0.9248966735511319 -0.8049920059601106 -0.23185190422154656 0.6521915008476262 -0.5437512255113166 
-0.8001654303737409 0.2567314107300891 0.80074617940635 -0.15489484889109728 -0.31255738645080045 -0.023899064114385027 0.028929517175510178 0.37320358109911633 0.9455548554889128 0.2856267233582479 0.716078530552962 0.4357407111636129 0.8154568972419722 0.02325787260630441 0.008648775551660437 -0.25890210501955035 0.9093306397637526 0.7528047902858284 -0.8445262814932093 -0.4675229005613577 
0.9093306397637526 0.7528047902858284 -0.8445262814932093 -0.4675229005613577 0.38326309213978016 0.5854129769069294 0.6123200010607881 0.542811099269666 0.46715700406628224 -0.4379329580381497 0.6529826497586753 0.334976360719095 0.5619870440772754 0.06585551282233215 0.8550887152180606 -0.9424188707061489 -0.38628004269089944 -0.4274490468331156 0.2607607914959318 -0.5694799881272319 
0.9093306397637526 0.7528047902858284 -0.8445262814932093 -0.4675229005613577 -0.9234976602128637 -0.10457628238167538 -0.8497929532610671 0.3475352590029357 -0.2150194318290819 -0.825116436242793 0.6103132482827265 -0.6751037858045259 -0.1227651910366907 -0.37081505877470233 0.2517495526603122 -0.24431389695945827 0.2875838323952311 -0.28874641045108085 0.05069680068036719 -0.13428352440162938 
-0.9234976602128637 -0.10457628238167538 -0.8497929532610671 0.3475352590029357 -0.8870415730884869 -0.830166282129212 -0.3783374829077799 0.9935464475819449 0.7189926030740577 0.4054242833414696 -0.9121491457988351 0.5418710196419434 0.2115334788480936 -0.7971680421263805 0.6789005008209379 -0.762998492733048 -0.34393498812615575 0.8099280171201577 0.16406069026530923 0.7404891914252705 
-0.8870415730884869 -0.830166282129212 -0.3783374829077799 0.9935464475819449 0.09746070399195084 0.28259749755934993 0.2269789878697852 0.411855177846862 -0.26275182815320974 -0.35384721982343237 0.6372880409800599 0.45513908188950114 0.9393960978822653 -0.1683749769881353 -0.495985484458223 0.1800696038633851 0.8365089303815476 0.5224990916620029 -0.17496274730753236 -0.47105691812178097 
-0.26275182815320974 -0.35384721982343237 0.6372880409800599 0.45513908188950114 -0.12359518510164036 -0.291218537670473 -0.8368275228572812 0.8638397267462905 0.06628248364462008 -0.991489021683297 0.052523267168991694 0.7988150652530743 -0.9433192952332603 0.3646069673124406 0.5037469899345628 -0.6398084115932146 0.1901810598548399 -0.08828233972947519 -0.26571476802033955 -0.9982780954934678 
0.1901810598548399 -0.08828233972947519 -0.26571476802033955 -0.9982780954934678 -0.1729858018552961 -0.6404985463983812 0.5111907961131357 0.16989742325766577 -0.38477212999904054 0.6853862073661636 0.9616085940824599 -0.28078103012619215 0.8410979237166083 -0.6722948719352151 0.8013920421001424 0.36939396163910687 0.6737334622693967 -0.6873541322323227 0.6935260654956747 -0.9144217394221241 
-0.1729858018552961 -0.6404985463983812 0.5111907961131357 0.16989742325766577 0.8131690131720779 -0.16632635989428768 -0.4674910451398733 -0.29873861282163783 -0.2511039743988821 -0.7409853095772796 -0.17395620880987384 0.9586271669977808 -0.5548838906829914 -0.20503418960513264 -0.7164367059750842 0.07823049790515446 -0.9344796256816479 -0.24681933291918168 -0.7231419276639728 0.09785015869589664 
-0.1729858018552961 -0.6404985463983812 0.5111907961131357 0.16989742325766577 -0.00617959525510714 -0.9122254327599431 -0.43037619854333165 0.19729381272523216 -0.34717482770300356 -0.9445538570160521 0.8323691238380533 -0.5435609326058006 0.10985662598830359 0.31763256036938503 -0.4920909583399484 0.24101898462093296 -0.46345357174309587 0.028421569392679924 -0.7202190252207257 0.23252729815260653 
-0.34717482770300356 -0.9445538570160521 0.8323691238380533 -0.5435609326058006 0.869025413930409 0.30398414082406133 -0.3181349465921497 -0.47587479177200476 0.45272753793356135 -0.0939702792942827 -0.6295307518661721 -0.33930941737792564 -0.2931336030752856 -0.10730826901817059 0.8682989737621585 0.1256992234107448 0.3455166548432127 -0.7094815174686346 0.220815167277286 -0.40879080232057885 
0.3429421579671046 -0.32377607904442085 0.058137919023359075 -0.6432358267371141 -0.5140018504397526 -0.5726678755524071 0.9130443206588608 0.1111676324236468 -0.6706000451308569 -0.41985036227045547 0.41459479997535986 -0.41630901927500186 -0.3117798688084761 -0.747457610456028 -0.9841008490037872 0.0546252006725636 0.6274944482314282 -0.8117334965771057 0.9025135749199813 -0.7787466274735448 
-0.5140018504397526 -0.5726678755524071 0.9130443206588608 0.1111676324236468 -0.015273853637900459 -0.16654872873743742 0.46887439809233844 0.4524080715387522 -0.973695618300084 -0.45961833450261014 -0.8465367639615458 -0.4035712405433778 0.5118553645903179 -0.901730009110361 -0.9465610964009108 0.6613015991339153 -0.7419258006062175 0.8487767552813632 0.6974117419505552 0.8330977533445383 
-0.5140018504397526 -0.5726678755524071 0.9130443206588608 0.1111676324236468 -0.7862228084378267 0.5400302691151162 0.7488375766675288 0.2733025547126082 -0.6785410393000226 0.7361575586982918 0.3555310600051602 0.6207769538710255 -0.32745689253883903 -0.10506301176674127 0.21639751529387552 -0.5659215145998009 0.1487647171443558 -0.17750553242079015 -0.9445729191439396 0.19009560013711013 
-0.7862228084378267 0.5400302691151162 0.7488375766675288 0.2733025547126082 0.5892098877820153 -0.5453753199991953 0.4072250153200865 0.5942986752501129 -0.28819103353657205 -0.037084558624634445 -0.5268001126942516 0.6835135695081127 -0.02310478563747065 0.6946782598885977 -0.6297909779009696 -0.1987213732922397 -0.7214077931467253 0.7567637351441268 -0.8264788759412409 -0.24709897813898163 
-0.02310478563747065 0.6946782598885977 -0.6297909779009696 -0.1987213732922397 0.10946726922345063 -0.08505420575420186 0.08908380624192791 -0.6460512034253443 0.011292652037643514 -0.6563475086755997 0.674181548622149 -0.3049221630707373 -0.6719984906519796 -0.28779352944670245 0.3068273913652937 0.0615233198121381 0.8005639025679083 0.546411182239924 -0.7611982654165985 -0.08394461214169335 
-0.08847153586322642 0.5802715277828645 0.6447853005311255 -0.5627871392501196 -0.9133296188734568 -0.8029374398926097 -0.7640238785619973 0.4035093077688834 -0.43776463622834094 -0.005746621110167105 0.9765594622793752 -0.3774718946244642 0.23415742206357515 0.23818469573000112 0.1968097516030889 -0.5164651584562097 -0.5998799200842799 0.05280733623997924 -0.4620895063175918 -0.734623257733898 
0.3905465237523438 -0.7961174646610067 -0.8506021585556127 -0.17223119431280853 -0.8012997372961694 -0.020491966801343242 -0.2551770214540865 0.9784627016240017 -0.18515370236744144 0.16936230667067198 0.5133382571203637 -0.13601446534446748 -0.8858052099350113 0.611928002623872 0.5548068736575964 0.6447941002541588 -0.33523152046390803 -0.841966890175333 -0.6275821793744873 -0.16693344483991823 