-0.8081299385782394 -0.5629426290938462 -0.16949840976696762 -0.45319405046284933 0.07979209605078985 -0.7560949534027865 -0.360868400296807 -0.5428787949128362 -0.6815459788113332 -0.5476471140124657 0.6453649709247162 -0.6329050145421906 -0.7345487251788119 0.5061990590163497 -0.6043453167542081 -0.6233680603053153 -0.9518591784392261 -0.010580234947686673 0.06961547149623293 0.3479059155045616 
-0.6815459788113332 -0.5476471140124657 0.6453649709247162 -0.6329050145421906 -0.5608768735844438 -0.4125582596161943 -0.8300075599066001 -0.8135707214413501 0.8130824568586152 0.690251694201911 0.8274506511400077 0.8922939146498996 0.492752282869636 0.656283400337422 -0.4025330962484901 -0.3728888348791506 0.8906964604253396 -0.8759655902265635 0.9325429669799363 0.5802547579388111 
-0.6815459788113332 -0.5476471140124657 0.6453649709247162 -0.6329050145421906 -0.5782166836487894 -0.7376182897382866 -0.8843296665715037 0.7232692078529039 -0.8582669382469548 0.22696492740951202 0.15250349486443038 -0.27706510978363497 0.22718293174410586 0.25755835964862706 -0.6936325102315715 -0.2857548778865837 -0.06508960359796667 -0.9976667475868417 -0.25865134712179816 -0.9101668449671343 
0.22718293174410586 0.25755835964862706 -0.6936325102315715 -0.2857548778865837 -0.17690558806998147 0.7530924095124909 0.4874028879324075 -0.04874998153748722 0.1919823647699781 -0.10080683505488852 -0.1377288988283194 0.5741871326582555 -0.9692836670841023 -0.5697474235287256 0.10348660506502161 -0.24923964512603458 -0.11752230919847118 0.8708990953174782 -0.29034244793387387 -0.10194184822493368 
-0.17690558806998147 0.7530924095124909 0.4874028879324075 -0.04874998153748722 -0.8400875631625244 0.9576513835397531 0.08631424821515044 -0.8361264155204431 0.963872004108786 0.016102348866343652 0.04143610698956213 0.5937295575477013 -0.4886104424381239 -0.8403727724484897 0.35050303116898585 0.1471719744833302 0.19377985608303638 0.14310331048631975 0.017148639121357778 0.1282844067790776 
-0.17690558806998147 0.7530924095124909 0.4874028879324075 -0.04874998153748722 0.9179159425932639 0.6877901036897593 -0.32349518582407777 0.4117069947974148 -0.21771407370012463 -0.27629301074764245 -0.7748672960062468 -0.060532073804151265 0.6182846787769061 -0.7551155248134813 -0.28236782234597557 0.46797426974270473 -0.14972694575400314 0.36071826435280685 -0.19945310285954543 0.27788214734500793 
-0.14972694575400314 0.36071826435280685 -0.19945310285954543 0.27788214734500793 0.132569825902638 -0.34103099921418756 -0.7426607755006576 0.9913373831680035 0.8894577968134405 -0.33374957851841125 0.21966262483428878 -0.9299254318542838 -0.5044464441118968 0.5679810740551055 -0.7975734488408557 0.4420354255742256 -0.45858314611556406 -0.7278745753855318 0.42307289440770757 0.19411203402754595 
-0.49077715892958884 -0.7602294917118375 0.8991162320607866 0.8938269505101308 0.5601885697415376 0.018005595169328314 0.26147550743681536 -0.6844595933186643 -0.17726210431530198 0.020623010497620164 -0.6320911965921647 -0.22710434994476203 0.5800248649908095 -0.4444270683172631 -0.6416617956527808 0.7159593041926422 -0.6932246950363063 0.9831712959375789 -0.6071657781048223 -0.03942624645459558 
-0.49077715892958884 -0.7602294917118375 0.8991162320607866 0.8938269505101308 0.8829059933096348 -0.12626121531628187 -0.48475767751514387 0.3012383772084828 0.9381646793732945 -0.48582611494123773 0.8419271940031832 0.5909231002566966 -0.7954554379165504 -0.5714174669175478 -0.024739699364011658 -0.8230759329252004 0.15340504792729304 -0.8914911022594731 0.4275842303914772 -0.7224947522191429 
0.8829059933096348 -0.12626121531628187 -0.48475767751514387 0.3012383772084828 0.8466073654099737 -0.09935455833627249 -0.8262194048874816 -0.3351041497172973 -0.6577026320808665 -0.23493705205767035 -0.6162299919989662 -0.5090236776749597 0.7443474641861647 0.7789150522677839 -0.5016680200258696 -0.360798940465892 0.6291013813446353 0.5448854018968126 -0.5079778157220749 0.36924161581398485 
0.8829059933096348 -0.12626121531628187 -0.48475767751514387 0.3012383772084828 0.3005588740613343 -0.909515897676539 -0.4064329791462622 -0.12103182304900106 -0.02527997098928636 -0.9534367184046861 0.6066422281058099 -0.9330402492067345 -0.4355329959548049 0.501083878517526 -0.17892924720040648 0.7567262860224198 -0.5868997834841001 -0.41176883872477976 0.18074877925475397 0.6777946895703979 
0.8829059933096348 -0.12626121531628187 -0.48475767751514387 0.3012383772084828 0.2535557256331644 0.8442094461962213 -0.06788290771732863 -0.9118484834060478 0.7998239771007005 0.4232375388984251 0.504874687926862 -0.4656202836591188 0.334779772992559 0.8537064147302891 0.41775500272710264 0.2182110097785135 0.12276189670036608 -0.0868370328818644 0.906956586704458 -0.0424364768944514 
0.8829059933096348 -0.12626121531628187 -0.48475767751514387 0.3012383772084828 0.8008612948106906 -0.9636895941776737 -0.5506101673611723 -0.5823512448720576 -0.8779502125897019 0.9839661282394414 0.8036804181748607 0.1287070731158131 -0.027452418713066917 -0.012289055346636601 0.94297039576382 0.26317961201894957 -0.9053947694679609 0.7821431316076712 0.3910814412516328 -0.2290650320668539 
0.8829059933096348 -0.12626121531628187 -0.48475767751514387 0.3012383772084828 -0.7651694616046278 0.5848018934695542 0.6379036343161641 0.2432487804900174 0.9875673194139887 -0.7355771328798724 0.37157817479405963 0.48241654196574224 0.5861635349627374 0.8926016283094707 -0.9892787357971977 0.3761862750628664 0.6277509235766794 -0.42396166482973907 -0.04964962944835727 0.6159350799863619 
0.8829059933096348 -0.12626121531628187 -0.48475767751514387 0.3012383772084828 0.042902676685311336 0.454973229419545 0.3086954297314424 0.5337761791904321 -0.3518546385969752 -0.19142539509641887 0.6546540999147019 0.7395099033964718 0.13985431796722425 -0.12119393728936068 0.3181508109330491 0.6774549596103798 0.3568785396728229 0.1658612102176642 -0.7944258471512706 0.23282578447881352 
0.8829059933096348 -0.12626121531628187 -0.48475767751514387 0.3012383772084828 0.0044314880184863625 0.2122453424067463 0.9910661141203339 -0.6411005722028362 -0.8654253807798953 0.3522845033908417 0.11051262515980564 0.5154507786887463 -0.20560862632680332 0.1775699400511328 -0.5455174712549937 0.5743593745853044 0.25779334815273747 -0.04790421409739132 0.09592279722876929 0.8120396611955214 
0.8829059933096348 -0.12626121531628187 -0.48475767751514387 0.3012383772084828 0.8557915354879504 0.35039888942884434 -0.9892664434979097 -0.40670073198197976 -0.2354850753507851 -0.2302348097429343 -0.9368861657152119 -0.8787673846574808 -0.12256271475702119 -0.5888833156767825 -0.44318301009668515 -0.5782046564689858 -0.6905807069023739 -0.3617061642893431 0.458910805961364 0.10910437096003078 
0.05174347002542512 0.25203022270054576 0.6282490509089544 -0.34583129178492955 0.1023482103475215 -0.7395194911854213 0.16455961826788856 0.6121636897661873 -0.5715233061330889 0.8227486370895261 -0.9708838690012027 0.9747719071968641 -0.5348148393088616 -0.29099579843306334 0.005788621636752422 0.15736972289912576 0.5640395962779083 -0.12254736221949125 -0.630337510453914 0.5123950708616143 
-0.5715233061330889 0.8227486370895261 -0.9708838690012027 0.9747719071968641 -0.5921265618735279 -0.047911896524988506 0.11307402267723154 0.612232736399275 -0.6233729790124414 -0.9103417662170261 -0.5450581163118373 0.5543637167945381 -0.25519724584189185 0.8066207560293503 0.3849391506816795 0.7622854263446892 -0.431169138804786 -0.6208186900095725 0.024560263814799033 -0.8917713906709841 
-0.5921265618735279 -0.047911896524988506 0.11307402267723154 0.612232736399275 0.18307129591532667 0.08050001334307555 0.4663777618177405 0.3596995878897764 -0.5032761084816892 0.32159597332966827 -0.9318133441801846 -0.498081958344224 -0.6706095792830862 0.02369092597707456 -0.18977982331719745 0.9611370664512928 0.7117150674776405 -0.621066738157332 0.23829717366338432 0.15106552260304507 
-0.5921265618735279 -0.047911896524988506 0.11307402267723154 0.612232736399275 -0.3820805523650881 0.684910136143553 0.714616719999644 -0.738141423522622 0.3969451461117204 0.10377599281223593 -0.5823027478210361 0.30727366389504995 0.046437277959903156 0.5437401277642442 -0.3218773952661811 -0.5000326386171212 -0.35030565218222476 -0.07094142863397712 0.022916926028164086 -0.7470709367210446 
0.046437277959903156 0.5437401277642442 -0.3218773952661811 -0.5000326386171212 0.5236890317720622 0.916485883066865 -0.3168138407344432 0.15789619036568125 -0.8470259435241276 -0.33378075007490016 0.25220685174808044 -0.6869964118377276 0.8450502440800622 -0.21177998259075403 0.9751442374869241 0.813170934416052 -0.6094626351118151 -0.5077965962186317 0.8406012311906983 0.6666869033004303 
-0.8470259435241276 -0.33378075007490016 0.25220685174808044 -0.6869964118377276 -0.6113390450219567 0.9964784610412611 0.6021146838459359 -0.8831215918928199 0.9803005306128785 -0.2684604945507796 0.9906685418452175 -0.904962207487384 -0.10701654386658799 0.9244677474586971 -0.7872505688889868 -0.8473001629485053 0.27048948632086534 -0.8491354612066668 0.848298428331161 -0.38017720587704473 
-0.10701654386658799 0.9244677474586971 -0.7872505688889868 -0.8473001629485053 -0.09738861049650138 0.2532397943132918 -0.8784865698149993 0.5160753903336732 0.8349766376454828 0.7970433655109734 -0.13853764466198792 -0.5392447952283395 0.3222904357460523 0.7612565851906601 -0.8670067153391456 0.7953584991217808 0.5932643461185476 -0.9197346306825134 -0.6799496686921995 -0.9230093150739032 
-0.09738861049650138 0.2532397943132918 -0.8784865698149993 0.5160753903336732 0.5867169953958347 0.6675957673862218 -0.44846727066339653 -0.5933458200514001 0.6934983861307253 0.14143767881696823 0.5072632239739139 0.7239152623851302 0.9297674716927244 -0.5888004715599355 -0.15137068903180761 0.3010876807626306 -0.8034297615563477 0.3719114390911986 -0.4782795037183323 -0.28178869117270766 
-0.5669282020090125 -0.7444542537765388 -0.10891360177903686 0.4593476172019906 -0.9651802547613637 0.498880741898593 0.9697385067357625 0.0520942857668758 -0.40852334197331963 -0.6729263825565099 -0.9988123964689517 0.01455599800373486 -0.28753015843967855 0.6862820202771518 0.4117164405720075 -0.43291200467865787 -0.3093699099014924 0.599339859903087 0.4240650032868616 0.24829518710655418 
-0.9651802547613637 0.498880741898593 0.9697385067357625 0.0520942857668758 -0.37211786166379235 -2.142046340714021E-4 0.7186589018682994 0.5010138744592043 -0.7893229541685549 0.9003796160806561 0.4554718242473246 0.06551965113016855 0.10572867583506662 0.43285754323816206 -0.1241122592626096 0.14563473628719725 0.8339821433759429 -0.23845756139098584 0.03491725281928626 0.9077938447666207 
-0.9651802547613637 0.498880741898593 0.9697385067357625 0.0520942857668758 -0.5960152442585709 0.29992634283803254 0.3311307511782511 -0.5839682986449459 0.8863802682433843 0.7169353365081834 0.12576528611033044 0.9485569213658713 0.1735304572086207 0.5334694456582183 0.7946143497346041 0.6694126245706193 0.6007309060706474 -0.9806547346607062 0.6241013429965743 0.5434577842334583 
-0.9651802547613637 0.498880741898593 0.9697385067357625 0.0520942857668758 -0.8695083971488498 0.702038272201503 0.1894568475763896 0.9977961450250807 -0.9107834737824954 -0.7106400480354251 0.9943908049072967 0.19317434574352133 -0.0049671163203155455 -0.7825446291731672 -0.6101831172681436 0.7810698283240223 0.433862269289236 0.02850390546864512 0.006918012954659325 0.7138077245379721 
-0.9651802547613637 0.498880741898593 0.9697385067357625 0.0520942857668758 0.597216453460955 -0.5440428436995279 -0.17239738101796442 -0.4425481364734609 0.9834133930868738 -0.9180767436586006 -0.2191363614238282 0.8493234153115867 -0.8624736265177 -0.4008903980690921 0.7410946720804166 -0.8545228491495938 0.2753733966878458 -0.45480311517406835 -0.18539749186521437 0.05117042360000834 
-0.9651802547613637 0.498880741898593 0.9697385067357625 0.0520942857668758 0.011427066441789924 0.36964947886571586 -0.29908312330298803 -0.5316440162769691 0.985256128458168 -0.8370553971128993 -0.4963159801768069 -0.5164807383643442 -0.35824403316403686 0.3015219856157483 -0.796799961560585 0.5331246095916342 0.4289433629575077 -0.44093086687799343 -0.4394287683148881 -0.2588788793808774 
-0.9651802547613637 0.498880741898593 0.9697385067357625 0.0520942857668758 -0.6954151596389957 0.740437450745649 0.4705850410864081 -0.4533230101763974 0.5055536572304287 0.7179493659162091 -0.48442897512334904 -0.890370903003793 0.9881304212344184 -0.17766209949530998 -0.3562860972923023 0.0923933165268247 -0.790809440253132 0.17735002615920759 0.2935150073610824 -0.003793768164264577 
-0.9651802547613637 0.498880741898593 0.9697385067357625 0.0520942857668758 -0.4555203490877895 -0.3114749172397193 0.6086952869459017 0.28376779497544935 -0.5167518456005478 0.9081691253754411 -0.5567973713804444 -0.7547032555894357 -0.7319666424028226 -0.24455776331514922 -0.888252338773508 0.6384658571424451 0.33940919996473484 -0.1823822563476607 -0.1472263274081822 0.9219219385325583 
-0.9651802547613637 0.498880741898593 0.9697385067357625 0.0520942857668758 -0.7373819751657231 -0.8590803186118636 -0.3409763782917623 0.21330491233027948 0.6987703841427628 -0.9440746196914378 0.26931013738850473 0.6320533324843998 0.9594725845705807 -0.5487631012542615 0.983287481925176 0.10203957530703889 0.7308931878727516 0.5559279727878341 0.06635350487891922 -0.8820542001152987 
0.9594725845705807 -0.5487631012542615 0.983287481925176 0.10203957530703889 -0.1297297034492264 0.8103052781592088 -0.22239535600345617 -0.8239762605066967 -0.5591919783911845 0.2821545229324176 0.8537561735604418 -0.8700383561918428 0.3996554686027749 0.585330826167898 -0.6819244722388897 0.05746741983175019 -0.7018501659892962 0.21722568866907377 -0.7540417265484163 -0.803026125240234 
-0.1297297034492264 0.8103052781592088 -0.22239535600345617 -0.8239762605066967 0.9605283573796288 0.9973339968895696 -0.9068141177717897 -0.7348245394478703 -0.8121486410385499 -0.5594841290085892 0.91833135999119 -0.3711876809230765 -0.9282326057408841 0.5961100789515728 -0.7261311789545528 0.4291784856715284 0.7953728460202851 0.42896125234278903 0.40337453664989065 -0.9702355723567744 
-0.8121486410385499 -0.5594841290085892 0.91833135999119 -0.3711876809230765 -0.10030029201485391 0.11120915147697996 0.6286494301518046 0.47000883634797064 -0.6779148819432026 -0.8654310712898421 0.8377068177044475 -0.3097269698921865 -0.1364670848116596 0.13923519254930583 -0.2578394892097937 0.2355044684895271 -0.21214152115308083 -0.7885159654872878 -0.6869041638100943 -0.6130925373300666 
-0.6779148819432026 -0.8654310712898421 0.8377068177044475 -0.3097269698921865 -0.12510321964512583 0.23241483273390418 0.7551101751559204 -0.6903509907554637 0.9674787487867296 -0.038793214753473304 -0.11587934397140454 -0.4463185851169513 0.9340353697836821 -0.33682470136976317 0.6671953164024591 -0.3096445446923928 0.24797200597529168 -0.8677742346338704 0.09057126632213408 0.7845835523373852 
0.9340353697836821 -0.33682470136976317 0.6671953164024591 -0.3096445446923928 -0.8517335152832961 0.7429307555499354 0.13571282423598796 -0.13294811081616054 0.18598252135266358 -0.1494804953245661 0.7317378767455129 0.311588438163644 0.21949000253598694 -0.01719655855079738 0.21063732648807187 0.8422646628893291 -0.7160498967892484 -0.01363404603492313 0.9458447867177107 0.28886115778480836 
0.18598252135266358 -0.1494804953245661 0.7317378767455129 0.311588438163644 0.21373643777000706 0.5474893083695271 -0.5662839027795499 -0.6954727805430987 0.8432271925052961 -0.4164701592316524 0.3514776603499734 0.6760708738411989 -0.46018652729402665 -0.4527471371303784 -0.3080687284951924 0.8650168361727828 -0.13751178177142487 0.8717293693677954 -0.4230781809465003 0.586522902257929 
-0.13751178177142487 0.8717293693677954 -0.4230781809465003 0.586522902257929 0.868223750566947 -0.9868595875362645 0.2868751782636654 -0.9722537296039186 -0.9609757052670902 0.4677603547103317 0.34061383352007035 -0.17457909260348847 -0.6060611583624416 -0.9053945520119311 0.33160971532823 0.585141135514663 0.22227763220235786 -0.33627417036518104 -0.8051019247362221 -0.9822054498853314 
0.22227763220235786 -0.33627417036518104 -0.8051019247362221 -0.9822054498853314 -0.09361326797766467 -0.5059527517716182 -0.8278696479101966 0.9831108201065886 -0.3160104804457018 -0.2464023978767429 -0.946911496978784 -0.026131644483693872 0.8017189976530328 -0.9005571917499846 0.6897169177984388 0.14640866190400637 0.6699820300138026 -0.6728687609900479 -0.883949119550494 -0.7557455098554067 
-0.09361326797766467 -0.5059527517716182 -0.8278696479101966 0.9831108201065886 0.7261174740775505 0.6736639038898964 -0.10881902538960286 -0.5194984802831801 0.5479049854123128 -0.2157096034105488 0.7052715080452023 -0.5153454797073158 0.5607753680179937 0.6366886608532418 -0.7980735229899183 0.02901288471489316 0.41273982843861967 0.5872846617440599 -0.5832204080403824 -0.46458481462932455 
-0.09361326797766467 -0.5059527517716182 -0.8278696479101966 0.9831108201065886 -0.9793312476610112 -0.34699631871278935 0.9204792924769656 -0.9559281222152902 0.17865508351336024 -0.0266069862643159 -0.8468060545864176 0.30905347185218757 -0.6663971599559806 -0.2198140546451468 0.7276766771737062 -0.807852234939344 0.04916573172147243 0.3409618355324193 -0.7723691194414535 -0.07812102528173992 
-0.9793312476610112 -0.34699631871278935 0.9204792924769656 -0.9559281222152902 -0.13529423626084025 -0.06767875417005187 0.6546393773304986 0.8078224025587992 -0.4545196598221708 0.5905628728387871 0.4732453298591135 -0.6289115156900238 0.37677419739119355 0.9488639693777174 -0.16158431764569636 0.12339733204350534 -0.9583967874800241 0.846854632463915 -0.9398260033262209 -0.3326084263284519 
-0.4545196598221708 0.5905628728387871 0.4732453298591135 -0.6289115156900238 0.431540323194866 -0.524354190592224 -0.606855833970539 0.938234731533572 -0.8356671571978131 -0.08473614961987086 -0.3812260244019312 -0.9712271850522296 -0.9684136089474236 0.5528249100145592 0.5690798544190132 0.6461812038544914 -0.6291224657373189 -0.39554942294084805 0.766387830888857 0.17967018593014084 
-0.9684136089474236 0.5528249100145592 0.5690798544190132 0.6461812038544914 -0.8855865631174007 0.6332292239667938 -0.15015445078764267 -0.2311296159202454 -0.6103202615993146 0.834578157731207 -0.7410512457566643 0.7124868470594932 0.08936590790729992 -0.022895355755340407 -0.47300933604033646 0.09372794629062486 -0.93508944802231 -0.04536921243726155 0.02845211503997258 -0.4986240850650865 
-0.4976552807579344 0.9183314277852357 -0.355621980085423 -0.01576518694332707 -0.6733423996291992 0.8759917394468035 0.35329504754836827 -0.6863962662986407 -0.6450079782337119 0.4429307103280735 -0.1275791915545086 -0.263709586635438 -0.8210180098835236 0.0038066597255055346 0.9638460640544508 0.21830847969621026 0.5283106990131317 0.28141130134341985 0.24067301264352192 0.3093244667026427 
-0.8210180098835236 0.0038066597255055346 0.9638460640544508 0.21830847969621026 0.16870204833114544 -0.5497572289154418 0.09457600176929781 0.043309750884034326 0.7483186733770453 0.3876400859713205 0.7253009876836678 0.06909476996110153 -0.7553332484475537 0.13438881013406578 0.8136732288809925 0.11691201227632653 -0.5288673344479526 -0.7857043145733253 0.9529769380271018 -0.3366319741252133 
-0.8210180098835236 0.0038066597255055346 0.9638460640544508 0.21830847969621026 -0.817248982488725 -0.3690175738842787 -0.3430524608810963 -0.12473272168419114 0.020635258332444728 -0.12053964756141222 0.6863258165640003 0.7346338673858179 -0.13964496389485226 -0.5122904126225925 -0.8955724944099375 -0.5017375157112067 -0.748679731698989 0.5724589009010717 -0.33485685361146755 -0.14736420600746913 
-0.8210180098835236 0.0038066597255055346 0.9638460640544508 0.21830847969621026 -0.3741029270028591 -0.19738612290602298 -0.7944034613950575 0.7249501413196642 0.5528756085671704 -0.20665606608108944 0.42611118627084243 -0.27129410072473914 -0.6482219788377395 0.08201258924235999 0.41656417971516335 -0.8824527871606456 0.14913539171947354 -0.0902975170211393 0.34464084924045935 0.21466973411234824 
-0.8210180098835236 0.0038066597255055346 0.9638460640544508 0.21830847969621026 -0.47663103274753715 0.4565833600898055 0.5324373315158417 0.5763645002978477 0.9245969452862759 0.7242697716348914 0.5318925284080132 -0.6555894396998494 0.7263045085088169 0.9462232608817471 -0.005635451724751439 0.45371038084801674 -0.5168943380523647 -0.9732498028772683 -0.25065244210386206 0.46537818957119326 
-0.8210180098835236 0.0038066597255055346 0.9638460640544508 0.21830847969621026 0.05502247333502108 -0.33566828639913604 0.6718007798802172 -0.8892650273564962 0.6973975795820193 0.7212751053131075 0.1617582863486111 -0.2874094219731551 -0.4291486450954882 0.5552605629407497 0.28100615044126576 -0.5657309434188331 0.9134132012937664 -0.7213751599799012 0.10879403905471996 -0.03336389700282516 
-0.8210180098835236 0.0038066597255055346 0.9638460640544508 0.21830847969621026 0.1556905750315194 -0.5954489473363647 -0.27461545194579884 0.14849541439655822 -0.6652634165120379 0.4674334164224718 0.24047632020805287 0.9696571904239262 0.6288236684600528 0.8158464680675441 0.6160472762673259 0.7685856444689552 0.041407121732203844 0.47242973298095214 0.9972049999209811 0.1921496051358902 
-0.8210180098835236 0.0038066597255055346 0.9638460640544508 0.21830847969621026 -0.5793489555170395 -0.49498461859575693 0.5344868695751022 0.3245619253426395 0.006991735367327223 -0.21551547453036823 -0.8359682417430232 0.18166322499809828 -0.30689402787576325 -0.7397700062434593 0.8027160761408261 -0.22006401271666665 0.8002146747252057 0.6762883696073334 -0.09607345414333723 -0.8924970886822206 
-0.8210180098835236 0.0038066597255055346 0.9638460640544508 0.21830847969621026 -0.523574742213821 0.9362558778009342 0.19853190895160133 -0.4415389547412021 -0.9668548407389608 -0.30421829307072956 -0.5240121500553694 0.9439439123351339 0.5239794889824418 0.8195879491415421 0.17351319442224944 0.3344945470220988 0.772403634002266 -0.37129690705045637 -0.8456791145773133 -0.12844579320387428 
-0.8210180098835236 0.0038066597255055346 0.9638460640544508 0.21830847969621026 0.6112016282075201 -0.7161610674356051 -0.3805204654224912 0.2946190482111226 0.20540086371891575 0.25814112539605794 -0.005773008843890981 -0.39606027891795903 -0.12553224999528956 -0.8922636987616117 -0.9875895672060111 -0.6569595222589648 0.32522153455639713 0.26311527593248596 -0.048392468062572025 -0.4781025270628241 
-0.8210180098835236 0.0038066597255055346 0.9638460640544508 0.21830847969621026 0.15646755470059737 0.7247783086292514 -0.7467992683704163 0.8923085798787385 0.02866488055539196 0.5522013781243518 -0.4829422936121013 -0.42213653881439295 -0.9879004228873072 -0.12926229300370706 -0.5066658143456932 -0.4451982935582255 -0.0011659882077514894 -0.835765328337567 0.9049906108239654 -0.7115107597219832 
-0.8210180098835236 0.0038066597255055346 0.9638460640544508 0.21830847969621026 0.7021167789701799 -0.2303471442054652 0.8622110940351764 0.9404465542182605 -0.88386214752546 0.42852622847943334 0.22815968061129732 0.1630609048633711 -0.740047125818482 -0.722872569974568 0.8087876805862773 0.03656548361437584 0.002337021046820542 -0.2372509430371077 -0.05431139654576689 -0.8236058377899509 
-0.88386214752546 0.42852622847943334 0.22815968061129732 0.1630609048633711 -0.5578640703317517 -0.3838619352052912 0.7070966382989434 -0.7735703204472404 -0.7476544648620795 0.505903598932153 0.7752432172452399 0.7943802780924867 -0.9975452436890297 -0.05396578032922328 -0.7632843252774237 0.20417813483163183 0.7401131177534954 -0.03371928686550785 0.2682882652739489 0.5013619633923254 
-0.7476544648620795 0.505903598932153 0.7752432172452399 0.7943802780924867 0.7141096331815682 0.7550027957246281 0.8416885801917235 0.2213329190225335 -0.5848030077541182 0.5533399323966386 0.4444098489541899 0.31373104456049083 -0.5542211051211379 -0.2840416387542919 0.4851240425625005 -0.7847816937748364 -0.7143565799252973 -0.4353376189837743 -0.3840740908602751 -0.3588896869597449 
-0.5848030077541182 0.5533399323966386 0.4444098489541899 0.31373104456049083 0.7226341331848603 -0.7179986074479439 -0.5402072869056664 -0.9240274208744805 -0.9422443227272996 0.3791718924652867 0.7549256396429971 -0.14726837360193978 0.24189115870987088 -0.33829363919153255 -0.4588031713455183 0.7396694300455187 -0.31563717134850355 0.5881453769479339 -0.03605607351739204 -0.9859291761291551 
-0.5848030077541182 0.5533399323966386 0.4444098489541899 0.31373104456049083 0.5766725718248527 -0.9912603181249031 0.9769524778932142 -0.09102565195181067 -0.3856234131928735 -0.02757496052193087 -0.9734773069219536 0.6156055990964728 0.9960746431510579 0.7645277536266348 -0.3242404990103698 0.8780375614493685 0.3629843653383724 0.2778645997271434 0.9908407598432398 0.8210542599531154 
-0.5848030077541182 0.5533399323966386 0.4444098489541899 0.31373104456049083 0.8753431376719654 0.3578901012547946 -0.8420479245734691 -0.8690588825598249 0.8911873811890401 -0.5704641654863616 0.9159953803641225 -0.6074418218401638 0.9663495459103928 -0.3214860661904504 -0.9974431594823372 0.8513310485017891 -0.30999641126054533 -0.2911930838936352 -0.8005581319695536 -0.8516326439689392 
-0.5848030077541182 0.5533399323966386 0.4444098489541899 0.31373104456049083 -0.8906470335273577 -0.1575205605589316 -0.14522573026554575 -0.9592013614660224 0.5550571188081057 -0.9650673436559638 0.7320526849217255 0.9881962109364371 -0.2731644762536203 0.9568368672137024 -0.002653589679213919 -0.14665427249650254 0.19093341382980333 0.5838212415103559 -0.840110323721917 -0.8987270164990828 
-0.5848030077541182 0.5533399323966386 0.4444098489541899 0.31373104456049083 0.4339419908254061 0.20497981238594098 -0.697521288635844 -0.2542833414979113 -0.0032113437210004037 0.8163623374880922 0.6803188408597123 0.39236146705821184 -0.34931228485860544 0.31881504099988267 -0.34872091571168196 0.15202570058228848 -0.5126840003373199 0.7742711435627916 -0.46558879468761427 0.6078709560434192 
-0.5848030077541182 0.5533399323966386 0.4444098489541899 0.31373104456049083 -0.8065527328824877 -0.581146913960495 -0.6707868299113233 0.6873388009532935 0.3212433095788645 -0.251591679980381 0.024776852525689508 -0.22767515868937438 0.3278245614380788 -0.45613522933192785 -0.5938507222478788 -0.9472600249196628 -0.05389420927364297 -0.4563773010695038 -0.7815972550517136 0.9020691852673655 
0.3212433095788645 -0.251591679980381 0.024776852525689508 -0.22767515868937438 0.6212207790629105 0.2217179977606878 -0.6419970764564382 0.9157619106206056 -0.7565884048407736 0.9637978426081812 -0.7789554061922632 0.5393779031552648 -0.9235609779444596 0.925328237280628 -0.004102171616888972 -0.1572530857520369 -0.01666427894152611 -0.5128865509658416 -0.2297547607781827 0.11768444720411919 
-0.9235609779444596 0.925328237280628 -0.004102171616888972 -0.1572530857520369 -0.601675058906312 0.016840748196971234 -0.1089089762925024 0.6820152221624687 0.3268999465794742 0.8088292789575862 0.7636211803883692 0.5987611493923306 -0.6650323819301664 0.6420780644645467 -0.9438655454159233 -0.8154347524720413 -0.41860521794453054 -0.5283542244279571 0.023247712799115083 -0.3275902455582045 
-0.601675058906312 0.016840748196971234 -0.1089089762925024 0.6820152221624687 0.41192056423388834 0.028028045518277533 -0.35785844671447475 -0.25246220412129405 0.48530911065161586 0.7408797876266866 -0.6446880746694246 0.5369650404273512 0.559564926453652 -0.04906616892064286 -0.19397222391536517 -0.08044955571154544 -0.7630025660425723 -0.9192095418045796 0.6779258784424269 0.5533388814494913 
-0.601675058906312 0.016840748196971234 -0.1089089762925024 0.6820152221624687 -0.49586728387187606 -0.10682322899687557 -0.9826702369485814 -0.3568353738703276 -0.4792736035131817 -0.6084655782253878 -0.29787281772816954 0.5695277073294502 0.7627916907151653 0.16982108242766203 0.7298507609296392 0.4035877896155988 0.8961483437531994 -0.6568614794100556 -0.5914146308882233 -0.351247299494337 
-0.601675058906312 0.016840748196971234 -0.1089089762925024 0.6820152221624687 0.6331163606532924 0.09996003357912042 0.5736330107470222 0.6601009469101617 0.560064848721098 -0.7942853356610904 0.8765223228730907 0.4759811363254398 -0.13662770291612736 -0.8620385621691755 -0.5806380191113811 -0.1773317593236039 0.017880661705767187 0.1963102661881675 -0.0210247926921725 -0.8316783530376604 
-0.601675058906312 0.016840748196971234 -0.1089089762925024 0.6820152221624687 0.8044828543459615 -0.8832446509317524 -0.17843092563377572 0.14251653058659608 -0.24758666954213937 0.9215995818931806 0.5157098063662047 0.32944825638447695 -0.33729116547881977 0.3527533982852191 -0.006173029278642828 -0.789974898972466 0.6995764451706543 -0.4713488260514944 -0.19031108618519776 -0.35599600339477 
-0.33729116547881977 0.3527533982852191 -0.006173029278642828 -0.789974898972466 0.41227481750411954 -0.4215216165665401 0.7108598997628344 -0.9418374067198292 -0.2372353080131233 0.8606263088470254 -0.46203811631062175 -0.90210140985029 -0.2350455619130991 0.2769769813581666 -0.7132162575630443 -0.9404014646401488 -0.35416749241437806 0.9600540486968738 -0.7353945376735413 0.6553120253854952 
-0.33729116547881977 0.3527533982852191 -0.006173029278642828 -0.789974898972466 -0.3583642636608053 -0.0644059651802662 0.7526988666617749 -0.012306164508496531 0.4209905964156242 0.3123069608746385 -0.2194637552396892 0.43780803873619023 0.9776973908713107 0.7173931671122189 0.3530957196279685 0.16563358226334612 0.9133075403975657 -0.7783873012092146 0.728653724161852 0.0219551588809217 
-0.33729116547881977 0.3527533982852191 -0.006173029278642828 -0.789974898972466 0.5809393254016986 -0.5350318953100335 0.6090446892062855 0.15818373003394792 0.6816775332922473 -0.4594218231319991 0.6023554830910847 0.9305718622241057 0.4169523075779795 -0.8013635243236075 -0.27821996692391315 0.6115537019260469 -0.9903523419966511 0.33665135394678214 0.7833330650475403 0.7576276218879245 
0.6816775332922473 -0.4594218231319991 0.6023554830910847 0.9305718622241057 -0.3425382031248847 -0.04959322145155598 -0.5032256570377049 -0.604590272600565 0.32692929623890765 -0.3910386977656293 -0.22565355903835238 -0.9220701415564723 0.5282688825381352 -0.9356268129587704 -0.8899591897984824 -0.6821013665082964 0.5199798699381568 0.7318532507576956 0.5745123927985409 -0.6839754687741328 
-0.3425382031248847 -0.04959322145155598 -0.5032256570377049 -0.604590272600565 -0.07034595659621323 -0.7347124446314237 0.012194467916053942 -0.06167853915360477 0.03887998661596792 -0.7628083076553114 0.4996348889201796 -0.6040960631398609 0.08733362932934408 -0.35193207891661005 -0.5600124998531935 0.06194803111831804 0.16265912864574417 -0.4571643019381293 -0.7322537537440745 -0.6642809927393531 
-0.07034595659621323 -0.7347124446314237 0.012194467916053942 -0.06167853915360477 0.4962594181962159 0.7625760952345242 0.6551475169460392 0.056974463633945316 -0.9579778388693936 -0.3939718509460344 0.12353382693163106 -0.2747556567565368 -0.47718341678007437 0.3367701258811113 -0.307105057939991 -0.8120284425962183 -0.8556060015537144 -0.48971462312182124 0.8250710595850834 -0.48419286090587943 
0.20017940586818916 0.33743935294415883 -0.04028450632294356 0.3183619753422111 -0.6974025251629128 -0.4019003715247156 -0.8504767956655588 -0.4847525555501655 -0.9268315719029725 -0.4021386110573799 -0.03452446094623007 -0.41066325261384473 0.9520143752055232 -0.31010729517006363 0.7829454733857741 0.28605733420091406 0.9478294236877487 0.7454048253751662 -0.49178235325125574 0.12328883285148629 
0.6544608775755552 -0.039368640941124466 0.7951757402776476 -0.0956914166832823 0.6011602010127519 0.94672565871208 0.7986537445329414 0.3960042796949885 0.15628545040554087 0.3212317942902623 -0.5081213866337493 -0.23059386185331632 -0.7835149775544517 -0.6234204837618207 -0.2959712869952942 0.9660227240673445 0.6934943473768878 -0.30912036572551504 0.5750390906825975 0.6957349846829497 
0.9436421567403173 0.29573865311654823 -0.7280782489112334 -0.18828605047168567 0.2858218509539241 0.24419757117929874 -0.4417125874998413 0.0958797362365238 0.15875670618794469 0.761696893380478 -0.718062366192167 -0.6770513364650601 0.3795508121590909 -0.3130694214815557 -0.5637577667221652 -0.8204824433164895 0.6082737213566098 -0.9959238841391789 0.7416228721817983 0.8582663698006714 
0.9031292541890983 0.7064958249925426 -0.19404096234010848 -0.4822593465995695 0.6871147107724491 -0.1803989052253654 -0.5757736780561558 0.5718533209705539 -0.2740655167198498 -0.25842082287453705 0.08118502920746606 -0.6369759929268419 -0.1957170282665046 0.3103446616764547 0.9323945337353066 0.07770509262640357 0.28759328690335595 0.8990349378458002 0.3631346916544622 -0.49256615300723894 
-0.9402404833983751 -0.15110179554381942 -0.5258863185703386 -0.17550481423863462 -0.2887486748683685 -0.774269760381415 -0.1962440603022928 -0.6226072331454111 -0.8514278290138171 -0.8808660703100268 0.8926211411404286 0.7029172558193926 0.5535803403339457 0.7842035649433348 -0.2209851164086456 -0.3534645408118082 0.30346219629552773 0.9536197630290615 -0.7241405305369111 -0.3232223174203217 
-0.8514278290138171 -0.8808660703100268 0.8926211411404286 0.7029172558193926 -0.34405525786563507 0.27909330173251234 -0.11492312518579895 0.7054090079409412 0.9563553640536304 -0.2537222795298817 0.8635990486624241 -0.012091117840961063 0.5685111201985056 -0.24657153015979993 0.4610113693940312 -0.7668749388375773 -0.8575124917928612 0.36324930217553786 0.809458090282168 0.16451839078507424 
-0.8514278290138171 -0.8808660703100268 0.8926211411404286 0.7029172558193926 -0.10118215924618057 -0.4094057381542793 -0.5935066237110707 -0.022354167680825432 0.5695766418126242 0.8747929584327252 -0.08003677178192303 -0.6276891753156117 -0.5267389987273159 -0.6809106983293227 0.20448673133135298 0.3159326219679879 0.3096429152625746 -0.34598440222060756 0.3075093931784214 -0.7293888568459763 
-0.8514278290138171 -0.8808660703100268 0.8926211411404286 0.7029172558193926 -0.1777760158195436 0.4772241670252737 0.7687068747989527 0.6344110500404758 0.6875934650021327 -0.15195787296427565 -0.009527748794828206 -0.13421742015564275 -0.18470649509737536 0.502662832140996 -0.5190284446407216 -0.13330316860681024 0.5669736657574147 0.692920837369398 -0.5436315719111855 -0.16311587398075744 
0.5669736657574147 0.692920837369398 -0.5436315719111855 -0.16311587398075744 0.9881126089186174 -0.9511799134671017 0.8953480529860192 -0.14521276006342343 -0.3602896655369445 -0.08498178674316659 -0.5531958598703164 -0.30519764073293243 -0.5539689873839486 0.9130938448750963 -0.802604225295035 -0.6116275269062761 -0.7373262439685611 -0.5432487117103129 0.3602983100785382 0.22825110035998009 
0.5669736657574147 0.692920837369398 -0.5436315719111855 -0.16311587398075744 -0.6807224659564244 -0.8128034979926233 0.45342031086574064 0.3078501093416808 0.2177513090855625 0.33930556170956083 -0.8102532600697971 0.7242822151373574 0.8127820045625269 0.4156438843604504 -0.6337952686665085 0.07177654789005739 0.2081857977816557 0.5095852847498763 0.7585894719762076 -0.8826304560705929 
-0.6807224659564244 -0.8128034979926233 0.45342031086574064 0.3078501093416808 -0.30508887927934514 -0.9544929667106494 0.2219088268479883 -0.511188271923176 0.13881115472243533 0.6841037193386883 0.664287766854065 -0.29233326064635623 -0.9050329119070575 -0.5651101198879656 0.28956906781814973 0.43489425407855564 -0.8926523265565554 -0.8294695291371621 0.3108726025624087 -0.07020466605468134 
0.13881115472243533 0.6841037193386883 0.664287766854065 -0.29233326064635623 0.31795606993117786 -0.00624715046245794 0.09078462437495372 -0.2564265302501312 0.1719279096941937 0.7819429751245202 -0.1129687792459444 0.07103979127730464 0.8007859673925211 0.41037120222332923 0.6134603882498755 -0.1499456269824253 0.13668101336371397 0.14760987057492803 0.6829759256876533 -0.5398571140921278 
0.5423929677084103 -0.19107030136296088 -0.04856074607198613 -0.9138341879833816 0.02929791293720818 0.4872420974740519 0.2309979903438637 -0.47916575969077013 0.0013227957945185498 0.651804809770065 0.4705692699077182 -0.5677592464555747 -0.1837204051033252 -0.5079938413342997 0.012339230181255934 0.12269796075059691 0.5102406426161237 0.9438916610731032 0.9488995165737095 -0.607816898554858 
0.0013227957945185498 0.651804809770065 0.4705692699077182 -0.5677592464555747 0.569313628666263 0.9429053781514714 0.3369715129577777 -0.4677103298643446 -0.19918562375723825 0.6335392862316518 -0.6028841360558512 -0.7982433224377272 0.8654942895518329 -0.33675419554519315 -0.05863862890699867 0.29666100857512334 -0.6539898267141087 -0.18658594607293422 0.7848825502386219 0.97713689345811 
-0.6539898267141087 -0.18658594607293422 0.7848825502386219 0.97713689345811 0.5106170906813334 -0.9254506187845599 0.081119371735483 -0.9909252739950682 -0.4526370394983401 -0.8948288104886237 0.8748097561659973 -0.23388525185179887 -0.7081129017835288 0.6073453921003831 0.9655745082059131 0.7058700466361079 0.9115088586977955 -0.5348429134549963 0.9976747934148671 0.5602693387228808 
-0.4526370394983401 -0.8948288104886237 0.8748097561659973 -0.23388525185179887 0.6449482491654817 0.3041935935029976 -0.35403423378895593 -0.9328161022936257 -0.18330536325511249 0.6004035266910517 -0.659789165917164 0.5245761409663641 -0.35668134409214547 0.39467654873378444 -0.3591870896364924 -0.9325684457795822 0.9671279734276119 -0.016130909847885677 0.6810373284381526 -0.10840900288240118 
-0.18330536325511249 0.6004035266910517 -0.659789165917164 0.5245761409663641 -0.23173233444520713 0.7618206973871691 -0.8498776072984915 -0.7711618487150327 -0.22703404746940747 -0.8210437737284269 -0.698939098203702 0.1567612343211109 0.8449264471949967 0.6066121039326153 0.1945492881000226 -0.25748849756117553 0.9680680931389656 -0.583982726249318 0.5611781976144492 -0.415698314722017 
0.8449264471949967 0.6066121039326153 0.1945492881000226 -0.25748849756117553 0.09155089545895945 0.3806018155082427 -0.31891627331263495 -0.4980786555786487 0.1968125091963735 0.12796227473831356 -0.24432324997251742 0.3047481457629577 0.21307973688778037 0.02615978233463867 0.8124503885493384 0.7501589370726618 0.7754900607619917 0.15870305209150914 0.6918980777843824 -0.5798796057844646 
0.1968125091963735 0.12796227473831356 -0.24432324997251742 0.3047481457629577 -0.901991321434003 -0.03239534786274256 -0.28858470634052846 0.7839727456943193 0.5523224159935376 0.22935361454067515 -0.8385922881387464 -0.7383357676261686 -0.6783463657436093 0.055885442114701256 0.6486678351516257 0.3575412576145165 0.40915268348399203 0.7555371332692937 -0.6601070244139753 0.07164656967617011 
0.1968125091963735 0.12796227473831356 -0.24432324997251742 0.3047481457629577 0.9046095421887208 -0.14727494207613412 -0.9308406576356256 -0.21302134260676708 0.8102884554327086 -0.5372147245169592 -0.4121117775113392 -0.773922633188965 -0.290329232918517 0.6299238821487148 0.09722975195226291 -0.5966097546210134 -0.952671848100952 -0.30710769968081775 0.8116163534931944 -0.3849181694943764 
0.33965737489462167 -0.31998589709408143 -0.8048088000555378 0.13499525622703246 -0.0664357320184068 -0.11223876928158871 0.26347421051946207 0.6406266280223603 0.5480999475744115 -0.3082133861214864 -0.3877715418337959 -0.5936074452322937 -0.8082352068540322 0.23939869896736954 -0.8414362813631806 -0.17578326624131302 0.09973461176383824 -0.24404288429018783 -0.2620925795031366 0.26676495620845153 
0.33965737489462167 -0.31998589709408143 -0.8048088000555378 0.13499525622703246 -0.5618326459513103 -0.04095798755030833 -0.7962801902114707 -0.7216904446074444 0.5832209648436917 0.9986666870555287 0.8054670474762451 -0.17426673099580525 -0.9617240800064395 0.6272312689599826 0.26003307927990704 0.15275328708518376 0.7948877670089509 -0.35555177360782597 0.8848330680779606 0.11293563490616432 
-0.9617240800064395 0.6272312689599826 0.26003307927990704 0.15275328708518376 0.7981639686376754 -0.6629110386108845 0.6286571164815777 0.9873045503336484 -0.15836147006486812 -0.7974563780108286 0.5671974621539966 -0.013009399093718566 0.8674580602854083 0.7427543341862015 -0.3627761249855148 -0.16613206565140826 0.35087655401552453 0.461202080000122 0.8355488240446944 0.3701310287980386 
0.4568139666978259 0.5817075422511726 -0.5413163074264329 -0.22482867382248628 0.9730554837185219 0.6992938735858241 0.4705172216267497 0.11016711155151837 -0.9343524525448534 0.1337151413132589 -0.23631418142367488 0.09608355369859467 0.5242383960556765 0.9318757060117802 0.14227162083346312 0.9780795971603224 0.16223054665625147 -0.27963150877081144 -0.17009752978389137 0.3519369197263804 
0.9730554837185219 0.6992938735858241 0.4705172216267497 0.11016711155151837 0.9489487576168909 0.658546698072705 -0.3643505741126538 -0.3476453298642972 0.17475594328868782 -0.12340635125839272 -0.19035293567720468 0.9352035723742114 0.5715005061978857 0.7265626973140715 -0.9398205081162563 0.8584524604818335 0.4593042332081121 0.4540334509536166 0.2425210692749029 0.0942645222159515 
0.5715005061978857 0.7265626973140715 -0.9398205081162563 0.8584524604818335 -0.009506235186032885 -0.2580827800402654 0.2996546190764553 -0.4608040821391637 0.9863751563000958 0.04348228203802962 -0.9636591428926182 0.5550541650391672 0.49641500992080134 -0.7535589948962915 0.5389369642987734 0.9979864623243808 -0.007142845436390877 -0.09897253677608098 0.6641565056063163 0.1492301916425829 
0.49641500992080134 -0.7535589948962915 0.5389369642987734 0.9979864623243808 -0.0222263422074902 -0.12559632974108337 0.7254558161172626 -0.780736776103931 0.3404449894121615 -0.5737463196198791 0.4692000794974771 0.101501698745037 0.9563636375447193 -0.029634465729830195 0.8956310376638772 -0.7666507700696832 -0.602411975039183 0.5740847908045446 -0.4646834438836551 -0.6954891053883223 
0.30120733161538316 0.8090315913800721 -0.8478594328692874 0.4156250318580783 0.8644811555986416 0.8994862449688101 0.1797870122366576 -0.9671496226343044 -0.7245675687423494 -0.5718929317789969 -0.08209359345834288 -0.23630462345340453 0.6843932069137266 0.18552649118117692 -0.7914864846844529 0.7113919375252546 -0.03444159794133794 -0.11097571408226581 -0.21460930108746212 0.9725620496333174 
0.6843932069137266 0.18552649118117692 -0.7914864846844529 0.7113919375252546 0.7255269578768744 -0.015163672942101414 -0.0872926047313678 -0.7226013572001742 -0.20284613076201352 0.6220904575812047 0.44859414395456243 0.12335845866563666 -0.9646568853434407 0.8943061186576144 0.07650745281548388 0.3260852179428295 -0.6605024951039318 -0.499005780996546 -0.32304706234969927 0.6164051563829034 
-0.6605024951039318 -0.499005780996546 -0.32304706234969927 0.6164051563829034 -0.22555570761853816 -0.0513674721899271 -0.4331999116467373 -0.4133134805968999 -0.23462931532159437 0.7176684595610741 -0.6383965217661567 0.4978291024547439 -0.10173203063147063 0.16998238718829017 -0.10279022752564448 0.8489136695767057 0.6726695657030335 0.25356697504279113 0.9498712761030537 -0.41584387938706957 
-0.22555570761853816 -0.0513674721899271 -0.4331999116467373 -0.4133134805968999 0.911389740246016 0.7255175075363909 -0.4377259018137698 0.0815692868916249 -0.8050591873064687 0.198060415146597 -0.29883357688718504 0.45616633695966 -0.6148838241041104 -0.9144551937242931 0.5228369832294597 -0.1885860847719485 0.6578533083242921 0.5986417069128906 0.5947312145714794 -0.693978560416695 
-0.5753960101075215 -0.04352454706650355 -0.07518237565278896 0.4067691630473602 -0.6923878499651062 0.8042049844459129 -0.5135641034676204 -0.014619180643596907 -0.5464385649946035 0.35558380706760717 -0.7380650248915988 0.3774468163599556 -0.8914671498865803 0.03153432919038046 0.5073287708858651 -0.19169696554700177 0.3407494488354297 0.8419075013257182 0.4038834759745753 -0.21515633049829042 
-0.9476149953509223 -0.7979747861889546 0.4779420696582486 0.870658503529689 -0.48234952752704485 0.7175894734816577 0.06406487533359928 -0.120845113009872 0.49779960619472696 0.76347287350588 0.7228525898739155 0.6294624521067926 -0.2642060361218974 -0.8710401248947905 -0.25169169584318474 -0.5409219772962364 -0.7629176111695279 -0.0540032078196917 -0.30647008042359114 -0.15869232725337534 
0.49779960619472696 0.76347287350588 0.7228525898739155 0.6294624521067926 -0.7746117645083721 -0.01762165493175094 -0.35581060743631476 0.8015077791957994 0.6756424646211303 0.03270564849588986 0.25396830952991367 -0.26495387498299117 -0.8967181871053276 -0.5760617141766362 0.3306581359646539 -0.8891011304210887 -0.6679562928736098 -0.6380935567469297 -0.010609844278890002 0.8629016236274336 
0.6756424646211303 0.03270564849588986 0.25396830952991367 -0.26495387498299117 -0.30286906600973174 -0.6844361046101928 -0.4252062801211276 0.8336468976816778 0.39435285130149733 0.8447856877487716 0.914060889730004 0.9230425903726038 0.5215525011334108 0.05160756168602809 -0.44836501002338314 -0.3016397551090866 0.5213647222667563 0.15554231948205643 0.8303494405911422 -0.8664355247177342 
0.6756424646211303 0.03270564849588986 0.25396830952991367 -0.26495387498299117 0.0938620219805173 0.30754716994078635 -0.5568855608060796 6.085253093266463E-4 0.31169193057588784 -0.8244482682809633 -0.47664277637190344 0.38414613181819757 -0.4695133053177216 0.456827607503683 -0.9472605215403469 -0.8504051472285652 -0.46612146887098294 -0.3763530440622844 0.4877823278530482 -0.855676084136163 
-0.7626931287203234 -0.5502561102333052 -0.5664115174792517 -0.10513465089046847 -0.13537334177701732 0.37727232716428993 0.7862658374458573 -0.6468611810444287 0.17396216488639227 0.1358085221902794 -0.21064605023929928 -0.3107787431215836 0.12083505819325824 -0.061776614776601235 -0.03220653818007446 0.3206243890873315 -0.6334629225457209 0.8888700114876389 -0.8710826210615172 0.029057884132538625 
-0.6334629225457209 0.8888700114876389 -0.8710826210615172 0.029057884132538625 -0.808890466820029 -0.5489560038129833 0.4457025168678126 -0.39349874127813944 0.030543793070635816 0.8452348851462219 -0.814583103789837 -0.10687259925931158 -0.09275302533604801 -0.4843289937870896 -0.6186724183256225 -0.9932703140833272 0.7918975353900435 0.9295454386157 -0.6227989842046813 0.9726046647962914 
-0.6334629225457209 0.8888700114876389 -0.8710826210615172 0.029057884132538625 0.25979253540615166 -0.26273852375409934 0.41189753385086014 -0.5971262044780243 0.31743974837704614 0.41616205599884415 -0.5152266410385895 0.9234309004368542 0.8905819993119546 0.0866806993729683 0.22453190742541462 0.24131156570963364 -0.036225018323799096 -0.024010665296950506 0.8266615254254526 -0.20884109981643983 
-0.6334629225457209 0.8888700114876389 -0.8710826210615172 0.029057884132538625 0.30845077640175567 -0.5814588814938717 -0.9499378375551295 -0.9421331619426168 0.8031848244269526 -0.4009736050472945 -0.02235049560864999 0.3304127427309642 0.25280063336602154 0.7147604109721586 0.4996943285617801 0.7738496488920923 0.06746441055970465 -0.41147226143480875 0.34616704240865737 0.36546480516078517 
-0.2807184093621986 -0.8784937897437279 -0.09033392600854229 0.3899322074629099 -0.724201123321379 0.4392122950665758 -0.36697437815396183 -0.40295562303786125 0.025849479122857177 -0.788241425883708 0.6327971347127486 -0.22170134645045647 0.3872367519312745 0.5843585429944151 0.7678187219227479 0.5367736830263803 0.4508470945354177 -0.36199276455762286 -0.4232102539626703 0.2288316552765095 
0.4508470945354177 -0.36199276455762286 -0.4232102539626703 0.2288316552765095 -0.7692327782538775 -0.6446337923579724 -0.2399689411565713 -0.8060398539318789 -0.736050100726205 0.44481448148490643 0.2977068155693423 0.498003433661631 -0.10756609751819601 0.45226700288407407 -0.7529897885517196 0.6551344370573278 -0.4651176247469724 -0.43235738366811316 -0.8610742942390768 -0.34031614961635137 
0.4508470945354177 -0.36199276455762286 -0.4232102539626703 0.2288316552765095 0.7394229115630984 0.1509367236050667 -0.09163930479724014 0.9519431380686334 7.791232447424967E-4 0.6036495311070333 -0.742895224314903 -0.736771942607491 0.5745305429947465 0.33615200856254557 0.34898709960691 0.39883838601114907 -0.5569538263467506 -0.24346859385341135 -0.45941257749203346 -0.8811318165786641 
-0.5569538263467506 -0.24346859385341135 -0.45941257749203346 -0.8811318165786641 0.18587686824031868 -0.8124289326161729 -0.9045129546942021 0.3085122631354009 -0.9071383063298948 0.4660147614974266 0.36175582601088685 -0.039465630478176195 0.5113845461518385 0.9040333459588248 0.026261679206772692 -0.7494003859373708 0.10951367757597463 -0.5426574592407907 0.6406866027615987 -0.35527607968805275 
0.5113845461518385 0.9040333459588248 0.026261679206772692 -0.7494003859373708 -0.8609314633744505 -0.9870270269955441 -0.030227413080391896 0.7513596608566055 -0.030719288780262755 0.8722405111301013 -0.8571679664964478 0.6921977315550694 0.2572896317580313 -0.22493546058517389 0.5487143986729823 0.8082058096345677 -0.8402587177375263 0.051585820735205345 0.10401981112607639 0.3883877800567199 
0.5113845461518385 0.9040333459588248 0.026261679206772692 -0.7494003859373708 -0.8244298339645904 -0.4003064892203767 0.8693586605987318 0.293948233274687 -0.18491765083862832 -0.7364395394877543 0.5558670617729584 0.8920797574903836 -0.87605352615441 -0.49603237056614535 -0.2926614760930004 0.9155803658827344 0.520088278200507 0.03527446977607651 -0.28082974741026123 0.4721960408002326 
-0.18491765083862832 -0.7364395394877543 0.5558670617729584 0.8920797574903836 0.48792684055383506 -0.6579616823003669 -0.1720156986274759 -0.7313441456078671 0.22639371311007017 -0.4404088116602334 -0.6399296367706488 -0.5858862883402931 -0.5899234926144956 0.05928478167480966 0.9546305813490086 0.4748925400540378 -0.9021448565922427 0.022308527648929655 0.15884860914613186 0.9132401779657511 
-0.18491765083862832 -0.7364395394877543 0.5558670617729584 0.8920797574903836 -0.6893266517073418 -0.26964657193610697 0.361446924954004 -0.3642487498439222 0.5872052664497109 0.10570933820819106 0.3911318567717288 0.8521666608842662 -0.4101110853531753 -0.4567655155481989 -0.9848498918383026 -0.6226584762262464 -0.6269660628984062 0.47225520118306963 0.26846505311538915 0.854224659842699 
-0.4101110853531753 -0.4567655155481989 -0.9848498918383026 -0.6226584762262464 0.6827017473080477 -0.36809108287115366 -0.9273394189073343 -0.25953189826080214 0.3939415414021903 0.33172626808233563 -0.7025938611397944 0.2798288660492576 -0.016337163306453517 -0.16155793919336148 0.8727760057992413 -0.7525845525634505 -0.49136640035890444 0.60352184165012 0.6280643026947101 0.8136112780972655 
0.6827017473080477 -0.36809108287115366 -0.9273394189073343 -0.25953189826080214 -0.8129696389487608 0.012187041314756675 0.3243868924843769 -0.6930467938744174 0.42473887038851 -0.515539771343398 0.7076083275768124 0.24229144453571005 0.6430374220195061 0.4931491309043887 0.13634745491988243 -0.531285776112411 0.41226774854567605 -0.3244201744079891 0.7294061167790153 0.3165468800567399 
0.6827017473080477 -0.36809108287115366 -0.9273394189073343 -0.25953189826080214 0.5156474668934421 -0.7692896543912375 -0.341007875166512 0.5681053116203469 -0.3841493793844586 -0.42245481693806797 -0.2904185726356432 -0.32874197579501274 0.6270187709211474 0.5518181812737404 -0.21060746022521282 -0.7999118455235006 0.6502302472133317 -0.09129749872357884 0.007924334180127834 0.034987932960725665 
0.6270187709211474 0.5518181812737404 -0.21060746022521282 -0.7999118455235006 0.33659769584345933 -0.879743603985089 -0.12708521530255035 -0.2626494163785651 0.21225384807252934 0.5992798683722762 -0.7606879336169763 0.14645321079652684 0.34955946067671717 0.4799981753168592 0.10067476235047668 0.540743910732715 0.7971065326930382 -0.567363476615028 -0.45251250676230814 0.21792920903593993 
0.6270187709211474 0.5518181812737404 -0.21060746022521282 -0.7999118455235006 -0.36187211746574977 -0.7218644402173107 -0.6969203222552807 -0.5246627934758625 0.9086287962120445 0.7523656387996167 -0.4017683557081424 -0.15614992836182418 -0.4775359982444607 -0.4344344491664407 -0.5105133577701988 0.36012623722537374 -0.3531735342376745 -0.059258583956802724 0.14489828037695007 0.1359035537253539 
-0.36187211746574977 -0.7218644402173107 -0.6969203222552807 -0.5246627934758625 0.9358719023449116 0.6378662531581012 0.34018857919050216 0.3802206991604622 -0.5539874498157613 0.2526891470039203 0.5742875745963507 -0.527039067343579 -0.5049142847029859 0.710042567796014 0.019612458514463915 0.5867229695829859 -0.49928414483431593 0.4010132296155844 0.21031265149440448 -0.13767821796236634 
-0.5049142847029859 0.710042567796014 0.019612458514463915 0.5867229695829859 -0.1814815054232879 0.6714313812318764 -0.8138327551381392 -0.7552745114265702 0.6504002091052155 -0.7715639616449332 0.6046280296978637 -0.24647193467056883 0.007975824126815079 -0.828580717144414 0.2226869647200096 0.46440934068570594 -0.2671524082233405 0.4900589156052848 -0.9978608139331719 -0.9734546694636215 
0.1358675435017649 0.9974445045718321 0.811301963890871 -0.5963055091328575 -0.5381774104558033 -0.4436122109872289 0.9839116168480997 0.630634488227511 -0.807446730152559 -0.9176776476848363 -0.9514189148286283 -0.33247818869711065 0.8125310033487396 0.42679874799042383 0.9679889172798475 -0.0560298754628783 0.6832099812842303 -0.973783066890868 0.7907007316081383 0.2051825373126861 
0.8125310033487396 0.42679874799042383 0.9679889172798475 -0.0560298754628783 0.1358093312309414 0.6364072258599895 -0.002615457507441077 0.5302084190800775 -0.9730072410806281 -0.3166447412350699 0.5886648827659842 0.13517564859025089 -0.22237058521841013 0.594833068295324 -0.9266539362226152 -0.012932035199000325 -0.3491954125826444 0.6164348337702987 0.38516794281037114 -0.2094978538450749 
-0.9730072410806281 -0.3166447412350699 0.5886648827659842 0.13517564859025089 -0.18052242895753023 0.31817437720855457 -0.16480098662694354 0.015525631012650143 0.4661334266715498 -0.45101974390097244 0.568671177777063 -0.43362840502866984 0.49380403808921236 -0.246755677254352 0.24894839105789024 -0.8856406403086854 0.8910435467626063 0.17758301315011615 -0.523417649441166 0.4988404095120371 
-0.18052242895753023 0.31817437720855457 -0.16480098662694354 0.015525631012650143 -0.6192030310856551 -0.07547451776385872 -0.39354857352321293 0.2798117824498292 0.10363552497408146 -0.27561331017345014 -0.5513659283957797 -0.26166963059757586 0.753184905770961 -0.3443107944545636 -0.9525511153649022 -0.07893064316632525 0.4755054488147139 0.4654105041900678 0.004760725975114344 0.9278090042102198 
-0.0693401502087565 -0.22758583632477958 -0.31936987727317545 -0.9347702350855966 0.02284961416636766 0.0037018870481286825 0.9096342204646721 -0.5892265583830112 0.2516898670340457 0.36307052465010137 -0.1457806772198209 0.08523394276845697 -0.43350418137443647 0.4611330587774203 0.7982578203430952 -0.24297224248620775 -0.23123269783422407 -0.31529325315665213 0.28766122405036376 0.17553189261762503 
-0.43350418137443647 0.4611330587774203 0.7982578203430952 -0.24297224248620775 -0.9824686382318071 0.23084298439006679 -0.32312845227460585 0.7858069637103244 0.8462535551922619 -0.5342121306007086 0.521777228744438 0.34039042871884795 -0.02185767006052508 -0.28295275837501976 -0.059125325686382846 0.23774241335767887 0.5079226113732234 -0.06181422305443518 0.6454585655893585 0.03110107950786478 
-0.43350418137443647 0.4611330587774203 0.7982578203430952 -0.24297224248620775 0.539411744990445 0.3991007373861446 0.1623980161743075 0.48891503983199724 -0.6670352614016937 -0.24256699094407708 0.8430806294488296 0.7537989721343541 0.44551425749901163 0.5864503983591969 -0.34649041316175877 -0.28093422628390186 0.7325421345900684 0.7885253650209438 0.24083338108517793 -0.8549454358967474 
-0.43350418137443647 0.4611330587774203 0.7982578203430952 -0.24297224248620775 -0.9151989558995401 -0.7099998040488458 0.47168673368103375 -0.5091783661706799 -0.7488301600062319 -0.5085834353630041 -0.13571726809370555 -0.2565220209474903 -0.38543642765181363 -0.7835313683457013 0.3973756618916504 -0.5299747425831254 0.5956050257130907 -0.6208297424982723 -0.02550598248960534 0.7513826135410386 
0.5956050257130907 -0.6208297424982723 -0.02550598248960534 0.7513826135410386 -0.06426498303356154 -0.3579572846281709 -0.16059369733939577 0.9335935955758241 -0.8525366903091649 -0.7939247494901667 0.599219211967313 -0.902420369140355 0.6898739114375712 0.8985654186845751 -0.6643827582174535 -0.30313603750384344 0.9005776873801579 0.18359070848780545 0.7681717150415066 -0.19258832401202075 
0.9005776873801579 0.18359070848780545 0.7681717150415066 -0.19258832401202075 -0.8511918150276161 0.5399204150513937 -0.12207400246493871 -0.8606579283546953 0.5345532698194435 0.5683396593970607 0.5359107520908395 0.8789579159867957 -0.061465330244711236 -0.3572843138691353 0.5098691577198831 0.42549674728173814 -0.028250084420352817 -0.4129225837862509 0.9882387372870871 -0.8905047954310576 
-0.061465330244711236 -0.3572843138691353 0.5098691577198831 0.42549674728173814 -0.8805859193176222 -0.004206674854243531 -0.691751575453097 -0.39896296471012005 -0.5241150100847465 -0.03710504051739738 0.27395639599974064 -0.08752307163191952 -0.08308392961665523 0.6428074676608595 -0.7196993689655542 0.8555509861751613 -0.41472280259346794 0.5506020705660557 0.6115772386836418 -0.9962927138157169 
-0.41472280259346794 0.5506020705660557 0.6115772386836418 -0.9962927138157169 0.8159696447754228 0.5736952108959443 -0.861802906912561 -0.46750023094016635 0.39887592185688026 -0.6551536509206277 0.3865847542372949 0.42340818435602046 -0.4996746459024024 -0.684633972200039 0.0956333439419248 -0.9648095503951564 -0.17451964536912512 -0.6328518425830192 0.9692804444143741 -0.21082498365770985 
-0.41472280259346794 0.5506020705660557 0.6115772386836418 -0.9962927138157169 0.7001718557498624 3.85200382808204E-4 0.8308110948536249 -0.2338584293398942 -0.2755580263024935 0.49991434908443133 -0.3255875007671285 -0.6504927106426153 0.8436614457149849 -0.4206077930267358 -0.8996514199317431 -0.40570475650849436 -0.6695968323912147 -0.5586441850550443 -0.8615052302461998 0.30172540408013626 
-0.41472280259346794 0.5506020705660557 0.6115772386836418 -0.9962927138157169 -0.23329627237383144 0.01610839888235871 0.37096020426579135 -0.7062116676753165 0.5865867797953828 -0.5431773995470774 0.30176336278139826 0.3891528091260823 -0.2725142780747809 0.45416329842809366 0.45380252431380685 -0.03145353441748755 -0.2676478788289114 -0.7610366669511359 0.4078330754307187 0.6090775115531357 
-0.2676478788289114 -0.7610366669511359 0.4078330754307187 0.6090775115531357 -0.8596268567361964 -0.35216648385213434 -0.9312931175745955 0.9499089118578585 0.47149757636370193 0.01059416014214265 -0.3432837139580962 0.7594025949218641 0.4219454085677701 0.24530812660508117 0.7071988017712871 0.25677499087519506 0.4504207503489903 0.595530705036911 -0.09495852755729195 0.6798789507661405 
-0.2676478788289114 -0.7610366669511359 0.4078330754307187 0.6090775115531357 0.830883138474557 -0.3583302790932661 0.5386545618833496 -0.5403250733313474 -0.45433911336286714 0.7852176953456402 -0.199325331541242 0.6495331201730097 0.2797279279506857 -0.48869672184256663 -0.10029032134099869 -0.38985861451580317 -0.20282203820111167 -0.10360075068526409 -0.15658102112229266 0.4067523737009422 
-0.2676478788289114 -0.7610366669511359 0.4078330754307187 0.6090775115531357 0.6492352583553695 -0.13070707926018232 0.02367370056699425 -0.5174350007015893 -0.599625228894632 0.1706122467402158 -0.5942661074426681 0.6861885891345021 -0.32446826607769874 0.8071316573962433 0.981486516441572 -0.9406091957597764 0.8772025404497144 -0.30094086578453494 -0.44558105988329566 0.6825960227949288 
-0.2676478788289114 -0.7610366669511359 0.4078330754307187 0.6090775115531357 0.1560627826898897 0.994165422093052 -0.23593195528888322 0.09768666939575699 -0.531404919763949 -0.4271364145459067 -0.6632423163015106 -0.5421550919433487 0.04713556460294721 0.9929007922816586 0.9769041145710802 0.030109835594143597 -0.5421432405175395 0.2981526640525065 0.6185257295737725 -0.5670090439480124 
-0.5421432405175395 0.2981526640525065 0.6185257295737725 -0.5670090439480124 -0.7584731020778115 -0.4721236538323219 -0.7947906786297763 0.5731639996078728 -0.07103711492683429 -0.8564921112909731 0.5292550795108457 -0.9319593788568636 0.2467364235042031 -0.8861387765590492 0.9944603334151259 -0.520982512986806 -0.4297857993123415 0.8816831278065076 -0.21973707592738467 0.4039365562042718 
-0.5421432405175395 0.2981526640525065 0.6185257295737725 -0.5670090439480124 0.7561957423880101 0.39472486224911685 0.7981380028732339 0.7467567808408377 0.5329039775077917 0.3424525249992161 -0.5415866100123352 -0.1625443465359726 -0.864677863654381 -0.672640402117991 0.9605303323666752 0.30875650316648295 0.7305070755237961 0.2923226929013034 -0.1220941233208328 0.7309910800927104 
-0.5421432405175395 0.2981526640525065 0.6185257295737725 -0.5670090439480124 0.6035393723148266 0.945300357337638 0.35986451659961216 0.5070456059776813 -0.7202729924198914 -0.6838513743992056 0.926120481459555 -0.18970291978608178 -0.9918552408660208 -0.09841540489525569 0.3145980060494209 0.9449117853991125 -0.9871079842780814 -0.7195222871437801 0.9826398979644537 -0.8226289977669008 
-0.5421432405175395 0.2981526640525065 0.6185257295737725 -0.5670090439480124 0.41983122303142717 -0.8321420966069859 -0.5388006263073695 -0.3612689719799731 0.04413536613103397 -0.5356447781350697 -0.695312482453099 -0.996942407317043 -0.8818296587801691 0.5838004899892464 -0.9223245718483517 0.1717105880742371 -0.311615453717887 -0.1849274083032153 0.5914563595558995 -0.6740580607630269 
0.04413536613103397 -0.5356447781350697 -0.695312482453099 -0.996942407317043 -0.5914947595743054 0.35869216270080617 0.3164131003334878 -0.7040456778950808 0.07847609356493646 -0.18670433959662258 -0.37743981542870175 -0.780591476280031 0.8111767776045231 0.40427446552996815 0.07349982643535391 -0.6620726477500614 -0.9439605383522882 -0.9619310438380662 -0.07401444438456783 0.5379909276569932 
-0.5914947595743054 0.35869216270080617 0.3164131003334878 -0.7040456778950808 0.9311574091385231 0.23385178123864314 0.560561136869929 0.15251338566421224 -0.9220708493201359 0.6214181195404385 0.11691526593261026 0.5662282462188424 0.7297680574558898 -0.2655249944243434 0.09967793975637984 -0.7930093595978613 0.4628677091305209 0.5277691121307542 -0.6901251257919772 0.968537851880614 
-0.5914947595743054 0.35869216270080617 0.3164131003334878 -0.7040456778950808 -0.42753306617145914 0.20001803179122124 0.5076293170258446 -0.906336263721568 -0.06831797907079262 0.9661387801276919 0.689805087318291 -0.8231801396170575 0.70677737492236 -0.042483948510408265 0.9246171082877337 -0.8801273842387329 -0.2567207184235869 0.46635123060782857 -0.9768118389007172 -0.6926670100394472 
-0.42753306617145914 0.20001803179122124 0.5076293170258446 -0.906336263721568 0.5602514763329938 0.9089926054747606 -0.3114964146562038 0.9009050285461164 -0.3396994465047083 0.08957408688656243 0.32108177030360063 -0.026522977748173027 0.5836816806108276 0.8896116790403183 0.126518434353164 0.5279088805375769 0.3668497828791577 0.5518820480284206 -0.655867121214825 -0.16040439470849255 
-0.42753306617145914 0.20001803179122124 0.5076293170258446 -0.906336263721568 -0.8810756518229714 -0.19378792373913467 -0.5825532901908141 0.9623031607846908 0.3071328090202561 -0.7268412322061888 -0.5969972189871104 0.7929613136359805 -0.5600998968149073 -0.025466066338127424 0.8230107083097415 0.8779484996035132 0.7409945577777497 0.9977476416895945 0.5581862472583443 -0.35497029294717364 
-0.8810756518229714 -0.19378792373913467 -0.5825532901908141 0.9623031607846908 -0.08622314780494356 0.8524250562945903 0.7975469714271826 0.3994806507117328 0.08768284102970814 -0.5177938511477398 0.46645441102050333 0.5304683528274665 -0.18544123124772804 0.7778601027312937 -0.3153985327927995 0.6470005107536878 -0.1851024169618245 -0.27451240316528813 -0.33316850542901033 -0.5881586030958486 
0.08768284102970814 -0.5177938511477398 0.46645441102050333 0.5304683528274665 -0.9816023599447001 -0.2705457895220491 -0.6969043172609157 -0.2707976901933504 -0.2961358722118548 0.22522957588956394 0.06805739864670524 0.7747567989371136 -0.9375260861060919 0.1434375188458381 -0.5397614256132848 0.23199001862107593 -0.6326450919965938 -0.4188680906524178 0.14275246050157464 -0.5030823522320698 
-0.2961358722118548 0.22522957588956394 0.06805739864670524 0.7747567989371136 -0.05477682856863675 -0.3002357997536753 -0.5645233976524591 -0.06364406794946276 0.9077227877431997 -0.6320042037779627 -0.0801659357653266 0.4243582948815263 0.8316246533225489 -0.4901884507147056 -0.46027306026081405 -0.24051256526490672 0.2618884174220868 -0.662477721723217 -0.8677289154939987 0.7325826665679251 
0.6001914664607402 -0.11650967535338563 0.577211407397765 0.9343769578881256 -0.953670023370456 -0.442347817082845 -0.7535434037408233 -0.10378329508449102 -0.23720617837690683 0.7826688915118867 -0.5318696378480121 -0.34084775974805903 -0.5344423455488703 -0.7047138044788395 0.8670243579828254 -0.8919904713843321 -0.7119954921903162 -0.39080872206754336 0.9419073860976002 0.6373960962159786 
-0.7119954921903162 -0.39080872206754336 0.9419073860976002 0.6373960962159786 -0.8783044492522489 -0.4677645283284977 -0.2168552507246262 0.6770343146536157 0.17862109052172004 -0.29446872345425934 0.8433873103858343 0.2667176357220449 0.21907811179835956 -0.9136147930499614 -0.29292277655642485 0.15965773841161823 0.09664363154547684 -0.12963698877331198 -0.9242943873281957 0.828131919226311 
0.21907811179835956 -0.9136147930499614 -0.29292277655642485 0.15965773841161823 -0.8048489299017765 -0.6875944981156006 0.3347326078883075 -0.19789172894930007 -0.10382703967325146 0.5110251799360577 0.31138555754742403 -0.959201682487538 0.41448787602863946 0.05196821844385213 0.8103360119074625 -0.9051390801371013 -0.8218422581589073 -0.5996224140978086 0.09436056730934261 0.15067663764233674 
-0.10382703967325146 0.5110251799360577 0.31138555754742403 -0.959201682487538 -0.5060452839124538 -0.17309944062267224 -0.6431304220718392 0.17773457233749235 0.18800790471762419 -0.22834191411351656 0.5280358187509282 0.5058787290327473 0.9320342852461039 0.9101510053452249 -0.6090440929517793 0.8504108740109508 0.4153184367555496 -0.04174647437270429 -0.25593443467091603 0.00674066077066704 
-0.5060452839124538 -0.17309944062267224 -0.6431304220718392 0.17773457233749235 -0.686354058872126 0.5657608683929609 0.7294427427083665 -0.5496403194626982 0.23087166860233155 0.9260693206427915 0.10940198997134942 -0.02709024333117771 0.8720314961592308 -0.08431425110960133 0.7291662589150756 -0.9979527847347744 0.04382295040042439 -0.2613241431333344 -0.036433307693977346 0.2573088210225094 
-0.686354058872126 0.5657608683929609 0.7294427427083665 -0.5496403194626982 0.9689959348431498 0.5158625328511763 -0.005847753732607597 -0.07464057307555083 -0.7274765910484398 0.22788673504087154 -0.522141630186127 0.05087621387369734 -0.5305988553160776 -0.05507385362862638 0.2435099877327791 -0.895613728227254 0.48316114796299714 0.97292411550624 0.3532325410016808 -0.9325428007485566 
0.48316114796299714 0.97292411550624 0.3532325410016808 -0.9325428007485566 -0.8211068550815077 -0.5791665648271473 -0.3083302497787286 0.7233982572864506 0.9332409502077157 0.4987971864919438 0.7235125061687413 0.54331193470908 0.0032059485597402126 -0.34099140514582116 -0.5546473795293201 0.037666958516645366 0.509639028937692 -0.11257341817491828 0.018052574958257628 -0.20869240113025644 
0.9332409502077157 0.4987971864919438 0.7235125061687413 0.54331193470908 -0.7652305572254208 0.8523578046998974 -0.8203436592514404 0.4809527508572209 0.03308580100602154 -0.8897272939394674 0.03554760687865288 -0.4780054187900611 -0.8598226242383475 0.12275777574029867 -0.3241226713412364 -0.1038224056515995 -0.522257304170064 -0.23050943700520254 0.10651807537617985 -0.45001962672477247 
-0.7652305572254208 0.8523578046998974 -0.8203436592514404 0.4809527508572209 0.7372254907707312 0.5119360444798353 -0.6494465764846824 -0.4181413345164162 0.4941123719642275 -0.8091028933396311 0.5674630400457314 0.8955867577798429 0.7539261525839958 0.9732608306782322 0.09454396001008325 -0.8442750106819388 -0.9912113107074056 0.6755560538673135 -0.6478109280216684 0.16428395472458202 
-0.9912113107074056 0.6755560538673135 -0.6478109280216684 0.16428395472458202 0.8673911764397877 0.6848730050058447 0.5515441838103727 -0.19945705858554352 0.27192649291659876 -0.15752583353418803 -0.7638686069506566 0.19272144508559053 -0.317406917510793 0.8422657472286881 0.23945645427050377 0.07880377306897457 -0.4570849306804696 -0.39724559061429576 -0.352119305620918 -0.903321179902616 
0.27192649291659876 -0.15752583353418803 -0.7638686069506566 0.19272144508559053 -0.9139502756093618 0.6218837881416772 0.7252119225452545 0.9952042309833007 -0.7673871561103673 -0.17019490120891523 0.7458467023605444 -0.6460853889093048 0.08434110943257855 0.684680377409244 0.5186218575640693 0.21444564815865763 0.5629669597945606 0.6203894673258217 0.21583278795696503 -0.25330903178752595 
-0.7673871561103673 -0.17019490120891523 0.7458467023605444 -0.6460853889093048 -0.24529727060514994 0.8716301327984615 -0.6889892435704381 -0.8530855219360971 0.5027693841036258 0.45635379168348056 0.5298682044542673 0.6655321304912001 -0.3093130917202054 0.15268769095894408 0.22061008485402933 0.33083156584083606 -0.8898410075436001 -0.031930414593156486 0.6028714854074955 -0.6670264525708374 
-0.8898410075436001 -0.031930414593156486 0.6028714854074955 -0.6670264525708374 -0.6025075563738007 0.07343143740866465 0.39912867206516234 -0.0386675904855438 0.5867266554338033 -0.2612336591511031 -0.0018159531723838107 -0.5823055224386084 -0.5969081719648248 -0.9603338462776694 -0.028626583698097674 0.9534271335535349 -0.031411578501284954 0.4038810640315722 -0.20401605314862103 -0.2356271752653929 
-0.8898410075436001 -0.031930414593156486 0.6028714854074955 -0.6670264525708374 0.8944526563774373 -0.8011577661053244 -0.08681652443054122 -0.1235716168094314 -0.10553157070800201 -0.40897887328898364 0.6383228549298996 0.03860518716182271 -0.8348041088337235 0.16468956629211773 0.4824035660746262 -0.3485082012249694 -0.5442998868628897 -0.911412088394822 -0.31557949839979416 -0.38747076728409047 
0.8944526563774373 -0.8011577661053244 -0.08681652443054122 -0.1235716168094314 -0.9446522438537237 -0.5196737338371211 -0.9261685361688441 -0.12638596620765763 -0.01633823101145815 0.42695895912890225 0.49700744545308395 0.9973063203657655 0.2268046355544071 0.8592116111059445 0.6148062697218921 -0.6836187788939816 -0.7999041469275823 -0.7974298487012719 -0.8098597120184894 -0.46430411493865376 
0.2887273560452879 -0.15419572678469096 -0.16376903029449275 0.8690272986484187 -0.36822311487670367 -0.33003363453415946 -0.16355385480767248 0.9383569990083818 0.7995233668171671 -0.6670841128978486 -0.8927626095183916 0.41208609975848187 0.11413209102682997 0.7674681108522048 -0.503679000173437 0.9042379813971766 -0.12837595493657883 -0.44299885153572593 0.20157569820153198 -0.7550022701360857 
-0.12837595493657883 -0.44299885153572593 0.20157569820153198 -0.7550022701360857 -0.8182025880758839 0.26736625887599264 0.22368117570111967 -0.7349324708861638 -0.7926796046691604 0.7686835068441984 -0.5654602993526032 0.4068814645555381 0.6528208723880955 -0.58475626614319 -0.6810741170623322 0.4674750150461442 0.1495613938120932 0.6785912375423191 0.42811771990381176 0.3555157923485788 
-0.12837595493657883 -0.44299885153572593 0.20157569820153198 -0.7550022701360857 -0.8262166231836856 0.5157156471085915 0.2763116676624493 -0.3296441053971295 -0.26853137381061254 0.26958320769655564 -0.8744897210493454 0.9224040644278384 0.49753477182861316 0.45643752962396666 0.3781947092160942 0.21087156031631404 0.2135003849531114 0.21902713719231848 0.43320369500724953 -0.897396096467812 
-0.26853137381061254 0.26958320769655564 -0.8744897210493454 0.9224040644278384 0.5215033890909615 -0.703163165472118 -0.2435560735820601 -0.4876489005297222 -0.6246550769470689 -0.9760534532494065 -0.6568087277337582 0.07820063519581444 -0.2891065506458521 0.587293202340982 0.7289708706387179 -0.9325782385534269 -0.8851769189718044 0.794037007921325 0.48432118578216565 0.22352597189485723 
-0.8851769189718044 0.794037007921325 0.48432118578216565 0.22352597189485723 -0.9230843204009516 0.7353190509171408 0.30175492863895004 0.9963894361592174 -0.5232488114419374 0.7722896043357643 0.3313728046305835 0.8768781159189734 -0.4328412167504534 0.7956697395208163 0.07311568037425542 -0.03432073023265536 0.10534291204398105 -0.8149324187889648 0.3670227311982319 -0.6480089158834839 
-0.8851769189718044 0.794037007921325 0.48432118578216565 0.22352597189485723 0.10593632638287098 0.9760139496409301 0.7861026640192768 -0.6719425816333648 0.6065963797857592 0.668679361574944 0.9957396871771198 0.05551816182585956 0.09733593224832138 0.06591141617286311 0.11595793559751089 0.7686409390336542 0.5835306685187882 -0.1310519204317646 -0.043891078140202655 0.6945885170338815 
-0.8851769189718044 0.794037007921325 0.48432118578216565 0.22352597189485723 -0.5158495733872621 0.8914933472423998 -0.017215568964160655 -0.8543072366598823 0.5798844748393293 0.2710276405997605 0.3055390084387666 0.7894034706099697 0.9830009292809663 -0.3081999506079045 -0.4536694273017783 0.4062374999747411 0.5389504285256326 -0.04041793025305984 0.6515263742024382 -0.5466089778272283 
-0.8851769189718044 0.794037007921325 0.48432118578216565 0.22352597189485723 -0.3324434153164728 -0.7867894997903864 0.9406673754095831 -0.42340096058032617 -0.36043918560561816 -0.8352113137175432 0.29854282728256165 -0.7920481196590243 0.15299185083315625 0.7825852040398704 0.31882773996387526 -0.25892578682465106 -0.1834705277347186 -0.626632393460121 -0.8159675827393402 -0.29602740299089114 
-0.8851769189718044 0.794037007921325 0.48432118578216565 0.22352597189485723 -0.2541178127539885 0.21309222269873973 -0.8521687941290998 0.27563925504357867 0.17244497998287067 -0.6679427437540753 0.21674155367256476 -0.7313299042903598 -0.039266473651402345 0.009890096616453459 0.5100291011036542 0.2863179341329518 -0.46253961259769305 -0.2763929066793289 0.4460763771539735 -0.0717836552002622 
-0.46253961259769305 -0.2763929066793289 0.4460763771539735 -0.0717836552002622 0.046477974596052185 -0.3808039207743201 -0.6453176378292229 -0.29413051950720503 -0.6003493466516221 -0.45927984637540553 0.01771431847107885 0.1057488537918494 -0.06266728031874491 0.7351677439214126 0.9355104168462198 0.8242390552711898 -0.30813439604241655 0.6864106581715077 0.9390635419338218 -0.011067897778439972 
-0.49140684832797943 -0.06378103568769422 0.7522359497762603 0.45106542855573384 0.4931631199953137 -0.008786640891445208 -0.8677785588873095 0.4183880781692362 -0.7755781954601524 -0.18369456265252038 0.1476334855026349 -0.6520157761965566 -0.6015613235022239 0.21666765976470215 0.8785653975184384 0.70093200867138 0.10275925315806567 0.2772115287470909 0.08263760188729585 0.47260741378132676 
0.4931631199953137 -0.008786640891445208 -0.8677785588873095 0.4183880781692362 -0.5427572734229915 0.24456608831302118 0.3362946575006289 -0.3341981571274175 0.5732925979094339 0.35422365124843846 0.570840918233549 -0.6762352697672531 -0.14507199060777776 -0.7908022087364341 0.8603625192464301 0.8559876056711064 -0.11136664697734378 -0.9368451204755828 0.8492764062193159 -0.8661172551753065 
-0.11136664697734378 -0.9368451204755828 0.8492764062193159 -0.8661172551753065 0.3262641848370189 -0.4330597770001674 -0.6931867140652506 0.5403322891258009 -0.47680497014994305 0.4577139045619725 0.07843285894086005 -0.24948606319614997 0.6104111455922194 0.7696319844490846 -0.8783353662379412 0.8002099843768231 -0.2550986370690074 0.7907404205788973 -0.934063487902085 -0.8374903618620049 
0.6104111455922194 0.7696319844490846 -0.8783353662379412 0.8002099843768231 -0.2064011337475502 -0.9640672480693346 0.11699418006410944 -0.9412711769951219 -0.617118669851761 -0.5847696714193855 0.19268852489280341 -0.843995673574707 0.08611127473235092 0.8593688478970432 -0.37064090911572034 0.7860026304715504 -0.6862688148296314 -0.20174142832846065 0.9128895014650102 -0.8416909928507772 
0.6104111455922194 0.7696319844490846 -0.8783353662379412 0.8002099843768231 -0.9809335601310754 -0.994567380050208 -0.8612045251969276 -0.316891716493684 -0.5971745024258845 0.9031245752715922 0.358655135752443 0.4955593937960001 -0.6741864810513853 -0.8482854056794267 0.3423857744505674 0.5698468720844314 -0.13063830076066818 -0.820312230453504 -0.4093518801956484 0.8114305353116316 
-0.9809335601310754 -0.994567380050208 -0.8612045251969276 -0.316891716493684 0.6790034516713217 -0.5043446209909601 0.2488990805412996 0.3896075292186296 -0.9274216117511886 0.14394078596274995 -0.907260520856483 0.49397103691704336 0.5465091333066432 0.7174086055908886 -0.5997163681949027 -0.7735397003329167 -0.23623687774842606 0.984662793294691 -0.8365617873654665 0.32500457650035264 
-0.9809335601310754 -0.994567380050208 -0.8612045251969276 -0.316891716493684 0.7898512023663626 -0.509535648218711 -0.3216042727395809 -0.765249564822031 -0.6043343371467909 -0.3582033131133482 0.5265022961232828 0.34294184680956064 -0.29893187006359745 0.047111928068393816 0.7445816230948505 -0.8386899642024215 0.9409838233665284 -0.9564766803796927 -0.037944426452661606 0.5303446481545315 
-0.9809335601310754 -0.994567380050208 -0.8612045251969276 -0.316891716493684 -0.42607539612066847 -0.1783714205602418 0.07509308630891831 0.7907558103538661 0.4119864875977668 0.3676598834774525 0.01208382200091429 -0.8979876286579007 -0.6358034537097792 -0.16686092717938328 0.7955391288745297 -0.8628773976800352 0.7893387756325283 0.539769770606179 -0.9059326322988521 0.9807951601319482 
-0.6358034537097792 -0.16686092717938328 0.7955391288745297 -0.8628773976800352 0.033011543152543066 -0.6153058424533058 -0.1916648349374832 -0.11760733854686722 -0.18003418294681706 0.6698631000194479 0.8342133863274472 -0.7311723515800321 -0.6721393291029061 0.9549077347637556 0.9885918517915153 -0.8061004270652485 -0.7327949537902518 -0.14684975100121678 -0.201235410194611 -0.7454458493139242 
0.033011543152543066 -0.6153058424533058 -0.1916648349374832 -0.11760733854686722 0.5132275582795303 -0.15717835809203806 0.24149607101511483 0.48588989360952106 0.8488735366370492 -0.7721382422573397 -0.8838202936275978 -0.4318999668824073 -0.5818645409849812 0.4991098035281978 -0.7011083855524525 -0.5346240734681309 0.33018345222708456 -0.6959029046940142 0.7229628454564554 0.132566741509482 
0.33018345222708456 -0.6959029046940142 0.7229628454564554 0.132566741509482 -0.5252857537155577 -0.19461745032713473 -0.8290717235804197 -0.5002431611365508 0.14421138559406943 -0.14804302697304172 0.8500156903393015 0.13699101118641055 -0.6869944849854446 0.6721665120972597 0.5095735299038415 0.5598565643570583 0.16306956000048456 -0.1573670910035223 0.36194074872470416 0.6586473000719326 
-0.6869944849854446 0.6721665120972597 0.5095735299038415 0.5598565643570583 -0.7314764207459925 -0.3673212234398737 0.6593714584181349 -0.703978356229247 0.281940625134834 0.4212906526167226 -0.24586404647551752 -0.20632185528345293 0.18123848009095833 0.2915622522771997 -0.8933748193271518 -0.3060046884815495 -0.24389438352824522 0.19012685833437182 0.027930618916778505 -0.3134054871381504 
-0.6869944849854446 0.6721665120972597 0.5095735299038415 0.5598565643570583 0.1048512225427145 -0.8830729530622383 0.8818899417343371 0.9277683808907435 -0.818192118741901 0.2335522133349659 -0.1387200912926736 0.7794949010225916 -0.5704547400402042 0.16478353735451035 0.22181868768953072 0.7787949001567642 0.19176941653178958 -0.7615892811587448 -0.2308002000772631 -0.02700964012427276 
-0.6869944849854446 0.6721665120972597 0.5095735299038415 0.5598565643570583 0.568006103425982 -7.017347608371249E-4 -0.9485879330549187 -0.40334225986340666 -0.15988754794635174 -0.5584885111696025 0.9547871109670927 0.4122238108607117 0.27910728251121 -0.7826062563265719 0.29250053190179104 -0.008198979460963374 -0.014720197080098085 0.5668003280582805 0.9060824359892201 -0.8256558812903665 
-0.6869944849854446 0.6721665120972597 0.5095735299038415 0.5598565643570583 -0.39388891174302354 0.16366133226097102 0.04708714963502936 0.4374685031544552 -0.9987859524597764 0.7157318307328606 0.14978764464836725 0.3353625666194715 0.19122967411844227 -0.8913143171655058 -0.7225661708553242 0.536090349551088 0.22898019911433565 -0.6460121236818044 -0.3782862272683323 -0.8737632953995715 
-0.6869944849854446 0.6721665120972597 0.5095735299038415 0.5598565643570583 -0.5158312363812698 0.2500604462166356 -0.8513203521714352 -0.8597824087846251 -0.7581777258695284 -0.834153602899228 0.8040114929813171 -0.882617619486938 -0.028637302223158745 0.4085000559414851 -0.261627435962529 0.6189675564138777 -0.8063583897707367 0.5377135104074386 -0.47300232535021003 0.9138318301870891 
-0.6869944849854446 0.6721665120972597 0.5095735299038415 0.5598565643570583 -0.5526350283402466 0.5438471014483721 0.5246218082790906 -0.40125568357537666 0.8499046314490732 0.46756173656312083 -0.3808977018600661 0.7744241110661736 -0.13457845006931946 -0.6966872056512277 0.9380203944482091 -0.5307622855899845 -0.17468034274471345 -0.43416411199554106 0.4482910478310034 -0.867587872333528 
-0.5526350283402466 0.5438471014483721 0.5246218082790906 -0.40125568357537666 -0.5757135378386831 -0.07027155313185496 -0.5627261661887588 0.45579905726113656 -0.0948135787871196 -0.5792206866627132 0.397112367383331 0.43870639566859704 -0.7510653465207231 -0.4491427949506106 -0.6468630988839517 0.47548353511244557 0.480972007566397 -0.45702778529742005 -0.00928033378769122 0.9449320102395342 
0.480972007566397 -0.45702778529742005 -0.00928033378769122 0.9449320102395342 -0.039681091345508346 -0.9085891245568967 -0.9821597838121199 -0.9612842130487935 0.43308194484989193 0.6484293623450943 -0.921351700269617 -0.6461712782827669 -0.8972630444086858 0.9840372712057834 -0.4475307940494826 -0.9863453257187835 -0.04312655679983801 -0.23588649998984446 0.5959400563103441 0.38027713104573513 
0.480972007566397 -0.45702778529742005 -0.00928033378769122 0.9449320102395342 0.9649369492878419 -0.39499933237108054 0.3273202581443173 0.14196498833896642 -0.5605277065553769 0.6842098564853523 0.20771082263331486 -0.30009238442052744 0.32750071265090197 0.04844158772197926 -0.9537739975503292 0.6685984789440251 -0.8573235475612231 0.908016648549719 0.3194720793805643 0.3874820628981803 
0.480972007566397 -0.45702778529742005 -0.00928033378769122 0.9449320102395342 -0.9177218197256993 -0.16083561487360343 0.02249478616488676 -0.8994221313722564 -0.21685978892063695 -0.562979914733416 0.36402669056055914 -0.701610838781848 -0.3942874366645841 -0.03086355563740839 0.4212533278742441 -0.10442158244536448 0.6681690889344145 0.9355014042840386 -0.9579264535892689 0.34551174022193076 
-0.3942874366645841 -0.03086355563740839 0.4212533278742441 -0.10442158244536448 -0.2993916265293768 0.05668697385617283 0.2841949868611058 0.6012254962474364 0.05848646166021143 -0.6678658572689851 0.6104908478292133 -0.39941706249329156 0.6711506307893229 -0.9609612301765291 0.0733213964941295 -0.5522841173636439 0.8781411238231465 0.48727224946428715 -0.489010371691448 -0.7458952795442233 
-0.2993916265293768 0.05668697385617283 0.2841949868611058 0.6012254962474364 0.9221906964037525 0.4520125396416239 0.49427000147534983 0.1729315652600738 -0.24116536845926295 -0.17683093707644715 0.6012302494301869 -0.34098456258791243 0.9495856817715336 0.33296453689417516 -0.4641580594967252 -0.6933636445685198 -0.6699988643037547 -0.2333387965305771 -0.9704334303939135 -0.6763369538393211 
-0.2993916265293768 0.05668697385617283 0.2841949868611058 0.6012254962474364 -0.758961881980009 0.6892039641520715 0.9359846030809273 -0.6161200187577658 0.5214982143905005 0.4166656633387875 0.7036067734339173 0.02603809462743878 -0.20531011919802333 0.6161206463807056 0.2672720182226225 0.3575136789828248 0.5696206753255879 0.14168375812024792 -0.05305436038701883 0.15221514630986777 
-0.758961881980009 0.6892039641520715 0.9359846030809273 -0.6161200187577658 0.7922949552892324 0.7238672800179364 0.9627244397620598 -0.4836796757443451 0.3935268036223809 -0.7000176701743459 -0.4731766386565379 0.2041209968251576 0.7877252123134117 0.07902817121904215 0.13167286995760996 0.28167022821839716 -0.8475834432159721 -0.15619374680853682 -0.5679624347805876 0.09302513662915168 
-0.758961881980009 0.6892039641520715 0.9359846030809273 -0.6161200187577658 0.8364662584796099 -0.9078462808552152 -0.5902280039274503 0.5469197233707883 0.16676957290656813 0.09596524559850494 -0.7405205362032183 -0.6491443188552539 0.599467341052637 -0.9486379163167986 0.5890352627884279 -0.11945543552188775 0.8434619102740823 0.557591737630033 -0.47153659749103904 -0.6833366229803843 
0.8364662584796099 -0.9078462808552152 -0.5902280039274503 0.5469197233707883 0.7815567400043579 -0.838369484256595 -0.7924191898569273 0.40739095522325464 0.028889464120077868 0.8832971375471208 0.7393004649621537 -0.1406681948384294 0.3098450377192754 0.7004277090795412 0.31900414690269074 -0.27855337098399335 0.3161553704902158 -0.7831561084388474 0.7201908674077055 0.8229117611437498 
0.3161553704902158 -0.7831561084388474 0.7201908674077055 0.8229117611437498 -0.20680737030076757 0.9639055184492591 -0.3219540901997753 0.32837936507366083 -0.4916957172371117 0.6581153833462057 -0.2432259143092932 -0.8468977600036207 0.3358472289901222 0.4736240782379775 0.2882341121582417 0.16145468908544625 -0.14020061841449016 0.4355567428569296 -0.6276821656267526 -0.9889588358073509 
-0.4916957172371117 0.6581153833462057 -0.2432259143092932 -0.8468977600036207 0.9391381644413137 -0.6538528151444019 -0.0052148680183456975 -0.35768501893816773 -0.48435208126963936 -0.5045334505883201 -0.8289671794394429 0.26842620747880996 0.1563957516177663 -0.42138843975620377 -0.6450169456534016 -0.09251592139908404 0.4513095408219421 0.7175036960671213 0.5333731982878032 0.20010111897342986 
-0.4916957172371117 0.6581153833462057 -0.2432259143092932 -0.8468977600036207 0.7342536049319179 0.2515681910275587 -0.3216540382129225 0.98639381323841 0.32387768139862905 -0.7200605377478453 0.2980641356208007 0.8851978829613789 0.011927406930548834 -0.12670929889799676 -0.6362139087002026 -0.8714944396100022 -0.17235150704304036 0.09004735400234698 -0.699447181029573 -0.5908445997783105 
-0.4916957172371117 0.6581153833462057 -0.2432259143092932 -0.8468977600036207 0.847555793462951 0.30546624139438183 -0.622345590518462 0.43643513749577645 -0.4840345043711243 0.09541613243394442 0.8852466602629143 -0.32224599521196917 0.5034524848703803 -0.2028305995192201 -0.7994769422320547 -0.06590808381033741 -0.08304092029618748 -0.01817999090755662 0.9673468496214754 0.20415078278236232 
-0.4840345043711243 0.09541613243394442 0.8852466602629143 -0.32224599521196917 0.5496815521366556 0.3001248059548507 -0.8448950862042686 0.23682701282829988 0.05777000148891065 0.7055746283079523 0.9822856824804831 0.32537820648718263 0.8566302756350628 -0.9368273974394576 0.003263206941156671 -0.822142643064945 0.8760139292365396 0.4130121551507475 -0.5631280609793154 0.8707585602950016 
-0.5408403015365308 0.2684557449396403 0.07654676449181963 0.8978095724286264 -0.06675741439829119 0.8281833411126931 -0.10011767631096347 -0.9564876199973908 -0.3012648107365954 0.061416859590558426 0.23523791605506572 0.5485977365016959 0.4154090192300055 0.17263199441366828 0.4473579845302249 0.8070115454165376 0.7123371701694128 -0.833386014904276 -0.7265536317532859 0.6455237556641342 
-0.3012648107365954 0.061416859590558426 0.23523791605506572 0.5485977365016959 0.3650196611077694 -0.22951537455200954 -0.3170070368588931 0.30376363656125926 0.11589142465052915 -0.9072038172672439 -0.061145796942218666 0.9100111196283005 0.02153060557975106 -0.7563022124449617 -0.06599868823954003 0.8091403266572053 0.6767507116955234 -0.6963324916430234 0.3393349717516221 0.5008072976790692 
0.3650196611077694 -0.22951537455200954 -0.3170070368588931 0.30376363656125926 0.6382329138758458 -0.11557364267175663 0.31175264243266576 -0.17464649848439517 0.08164659114462913 0.9625151026039236 0.9833597247274135 -0.19523143497726703 -0.8088717740668938 0.971153767297835 5.138287597450386E-4 -0.4922689827523654 0.35131952696109536 -0.585785119915412 -0.6245742517217148 -0.4333900295009874 
-0.8088717740668938 0.971153767297835 5.138287597450386E-4 -0.4922689827523654 -0.8850646276733343 -0.433786635203822 0.6115009384218915 0.47231732095766454 -0.912355199050678 -0.19109717911988455 0.5897811800485213 0.982046063191609 0.49920125014405925 -0.43026311159365327 0.8180700586298102 -0.28942263991049977 -0.6972851859402915 -0.6684786159072533 0.9235276176758733 0.39899313510308665 
-0.6972851859402915 -0.6684786159072533 0.9235276176758733 0.39899313510308665 -0.2894872693228969 0.20371737971913517 0.2290598386286693 -0.524416436186935 -0.5068408274716563 0.6435402744493357 0.9011546737783398 0.531344176853944 0.4202604271012911 0.48489159004603555 -0.4774438826277594 -0.7239802774277 -0.6299471976611906 -0.19203472920279174 0.324698637869844 -0.4812544229987539 
-0.6972851859402915 -0.6684786159072533 0.9235276176758733 0.39899313510308665 -0.482670766165338 0.6187047327618531 0.7615014364941883 -0.8854604867319931 0.4869988430269705 -0.18270482744261196 -0.1186804390838625 -0.1970853359569127 -0.6391419171671135 0.5287727434336178 0.2761667857531054 -0.5866691846261292 0.6167725088567824 -0.535240986863073 0.6406171754927079 -0.015925919884581363 
-0.6972851859402915 -0.6684786159072533 0.9235276176758733 0.39899313510308665 0.09185738090584228 0.16880070504911315 -0.3431658211020141 -0.09653406506021889 0.2833552461078337 0.9332150918820934 -0.07380115247941221 0.1452095503125881 0.9694570907705056 0.33247009091590995 0.6890146918109963 -0.7660628303321642 -0.06670845598822872 -0.6119651494899616 -0.9396350272381244 -0.17202106949688 
-0.6972851859402915 -0.6684786159072533 0.9235276176758733 0.39899313510308665 -0.477051741250075 0.33405612174727617 -0.23209682187215286 0.0688507782703689 -0.8988178998101237 0.11958317929193862 0.3018708120292153 0.8175568377872342 0.34431185617350835 0.129617507939902 -0.4946979095732058 0.41247682510999795 0.9091757487164966 -0.26253928142250293 -0.6756989929632291 -0.2828369319403228 
-0.8988178998101237 0.11958317929193862 0.3018708120292153 0.8175568377872342 0.3318514317865007 0.7855040708152015 -0.047107146636273134 -0.07742669346232067 0.5187276760940918 0.27691507241027713 -0.28858513411828546 0.24457223280048912 0.7168436324156608 -0.9685044722716063 -0.1993589530010087 -0.07911166091781885 0.6015955483552498 -0.6688464254206912 -0.6254022991145238 -0.393122595928626 
-0.8988178998101237 0.11958317929193862 0.3018708120292153 0.8175568377872342 -0.7403157971433314 0.6789974934553951 0.230548373454456 -0.8727528280131378 -0.38877949512885523 0.9913769921743849 0.15118282625483936 0.6282567564709245 0.9090506808045689 -0.48839856287773253 -0.6287699636572452 -0.928653308114386 0.6757660451114249 0.6422858863899148 0.1291629665071219 0.28147450431565924 
0.9090506808045689 -0.48839856287773253 -0.6287699636572452 -0.928653308114386 -0.9904107290808841 0.20139301421338685 -0.5845176407235881 0.01585026969093173 0.7574032067574321 -0.5563081694291079 0.6328817624629304 -0.7537055883269386 -0.3351128501972582 -0.3321845741949334 -0.1883939275083184 -0.3324576200079976 -0.9492514967913013 0.839678869648089 -0.15214336988650068 0.8689211520951954 
-0.3351128501972582 -0.3321845741949334 -0.1883939275083184 -0.3324576200079976 0.5264638125387469 -0.23850322917749311 0.21344646930995337 -0.8024595187583352 -0.37682726308532044 0.06494930772000673 -0.39859875517761845 0.4638647283414308 -0.24135362389798742 -0.1596108859326939 -0.8413949756107411 0.5834763400221492 -0.05637935852310205 -0.2588835167036394 -0.9494974490370458 -0.546459914111074 
-0.3351128501972582 -0.3321845741949334 -0.1883939275083184 -0.3324576200079976 -0.4220192482221443 -0.8200177143230589 -0.9340132255141762 0.85593756922139 0.6011655155446323 -0.5332756890278487 -0.9166631802378775 -0.37491148220339654 -0.09822279628617858 -0.3835579261520108 -6.0433503564105706E-5 0.5232827802801305 -0.9483600128587908 -0.7416865353667195 -0.29473172006279014 -0.3617957199723021 
-0.3351128501972582 -0.3321845741949334 -0.1883939275083184 -0.3324576200079976 0.23867558572941672 0.3111493930628426 0.28741312284634835 -0.9357334928884289 0.06781718684851112 -0.622422079582454 0.19193551985945834 0.4938990523169775 0.408745599371211 0.29481288988355536 0.5661816013583005 -0.6355344443134892 -0.011832976242736049 -0.007883059805422254 0.2761114532862621 0.8107958008621918 
0.11921625705964844 0.27661392130907436 0.19328358085992625 0.3961820831505716 -0.7087751106278293 -0.26060284397232514 0.8354611694059864 -0.7324989367857142 -0.5120820956870002 0.43615439821390956 0.23749796324504713 0.7878126054781289 0.30122066186625496 -0.19353080735759165 -0.7362147251974769 0.5809355563004743 0.6668161340064589 0.4186688745726357 -0.27627322455726455 0.20948326744084245 
-0.5120820956870002 0.43615439821390956 0.23749796324504713 0.7878126054781289 -0.236286054113636 0.9192333725567525 0.14962756648588527 0.38775122593574074 -0.7667961811088002 -0.5050426901216367 -0.5135300297582488 -0.6119480114122133 0.8022398826198474 -0.6701311783050792 0.6830730835519496 -0.799916548321477 0.3775241777900482 0.47156872529054095 0.9597487299343832 -0.9180857001763247 
-0.45290136436051354 0.13503680445281407 -0.0947528811656253 0.2846437646826179 -0.23678116011553074 0.21515529848164938 -0.007704528699506774 -0.3315716283705985 0.11447048901707557 0.22474781802987187 0.8978556785713854 -0.5519900900493455 0.7292206763624391 0.8747598907148639 0.7871959656976022 -0.5498642165195782 0.5438376988310691 -0.4232110251783783 0.9600005060122094 0.012913207901365187 
0.5438376988310691 -0.4232110251783783 0.9600005060122094 0.012913207901365187 0.3964587224846603 -0.1349380962760427 0.2726733792606373 0.5721331063537733 0.9125477387917933 0.966938594482706 0.8168354797503707 0.8767392878321125 0.0648773475146438 0.6661132822102751 0.07050019866338841 0.6561376109601726 -0.8455556240389535 -0.7478559348878875 -0.6127725437558886 0.5730179739332752 
0.0648773475146438 0.6661132822102751 0.07050019866338841 0.6561376109601726 -0.38039667494386276 -0.4599744047467744 0.8645509268150489 -0.6163578413343456 0.15527321784435943 0.5048470171726216 0.7581926436464874 0.3378612153027658 0.5878189069072053 -0.7907177321684491 0.6742811298242402 -0.005937711229015097 0.17450091179970562 -0.2510157780424749 0.9383484566487605 -0.5683191858099628 
0.0648773475146438 0.6661132822102751 0.07050019866338841 0.6561376109601726 -0.23246090894909144 -0.5005199023559226 0.4234640524345632 -0.922906665046288 0.14673735511226926 0.15703880162708184 -0.21235957267936945 0.9036590857139803 0.921489877105014 0.48479798224995796 0.13898194331913416 0.7244036263857649 0.1651100435393369 -0.7045079147670585 -0.7590208430923158 0.6512385052507399 
-0.23246090894909144 -0.5005199023559226 0.4234640524345632 -0.922906665046288 0.858935371179246 0.2906852943874887 0.8183674451201901 -0.0728976788497726 0.9793857421609444 0.17838570930535624 -0.46954612599777446 -0.3278003901332778 -0.22056829901986386 0.8213842522984165 -0.8473789867393979 -0.6487385617497641 0.9061050181110104 -0.8669055434195863 -0.6925889105561287 0.36914298502665877 
-0.23246090894909144 -0.5005199023559226 0.4234640524345632 -0.922906665046288 -0.6881960191095338 -0.2831145424491137 -0.08234994184729261 -0.36411909785772867 -0.6448026759769441 -0.91536331537698 -0.5388117123612248 0.5763670299276578 0.748756789020617 -0.3507686806315218 -0.5378226826493919 0.8983720093260736 -0.1449126454168368 -0.8169332217769025 0.36597163256624543 0.9611055830725461 
-0.6448026759769441 -0.91536331537698 -0.5388117123612248 0.5763670299276578 -0.942621594710527 0.40221591960343805 -0.4306389726924029 -0.4733637031490414 0.3581531308390933 0.6273722857299269 -0.9251102820378074 -0.21455068410347744 -0.7894740961146527 -0.37523749059098455 0.8759598542951288 0.9102099068954685 0.07038320710313739 -0.49076699099171384 -0.48507709340604377 0.6762733830296803 
-0.942621594710527 0.40221591960343805 -0.4306389726924029 -0.4733637031490414 0.9211178999171026 -0.026648680040777473 -0.053426212921300786 -0.25663721896551284 -0.5873008895078735 0.27289241043892676 -0.4904639154496757 -0.9915919779212989 -0.38938736008860775 0.5809744674341537 0.16265927675822756 0.9737386837567858 0.7637797085283253 -0.44264053255721714 0.2580510854367839 0.13506645089463398 
0.7637797085283253 -0.44264053255721714 0.2580510854367839 0.13506645089463398 -0.32931458996238416 0.05103476214248914 -0.7474131214216975 0.9298350337661887 0.552133398749789 0.8633052157682168 0.47631832428581933 -0.8290679265993455 0.6328328430643564 -0.4874981660968938 0.930111578140491 0.25335660190866127 -0.4945598561872111 0.6514063624129409 0.8636199812029413 -0.884449400929944 
-0.4945598561872111 0.6514063624129409 0.8636199812029413 -0.884449400929944 0.9457222292603218 0.8791469200938082 -0.4382188223890575 -0.8486013308302933 0.5299624379826893 -0.21956587198462452 -0.12538051330079392 -0.1481799279792455 0.3888127309857732 -0.39621691201110787 -0.5926369568623375 0.0951033280380491 0.16119620677836255 -0.8927206131561962 0.283889559479376 -0.8222069405279158 
-0.4945598561872111 0.6514063624129409 0.8636199812029413 -0.884449400929944 0.9168397787404519 0.029392645713212984 -0.577457105022801 0.8960819697092988 0.9715172402303753 0.11934010639055526 -0.15930308607779264 -0.01264964193346474 -0.04706879429003408 -0.3417569712044728 0.04615501940271627 0.9585016323878457 -0.7943624216087033 0.9640360917399022 -0.6800803781448583 0.026156318481740604 
-0.4945598561872111 0.6514063624129409 0.8636199812029413 -0.884449400929944 0.2570951257237237 0.21205591598383844 -0.4780625953074584 0.9722594557736746 0.26571503540181585 -0.9137310586946621 0.9911918711625303 -0.3360049889934673 0.8110383440188746 -0.2018402204576113 0.05375285337243518 -0.5277856836013644 -0.8575173297608751 -0.6328234685058702 -0.7677241745746723 0.6156956579233646 
-0.4945598561872111 0.6514063624129409 0.8636199812029413 -0.884449400929944 0.4324540292861796 0.9930602068482544 -0.2650930513184928 0.8546502385550359 0.058371871773029715 -0.7853160806304058 0.6031007477889898 0.9682671573245452 0.8940569949859545 0.5922805162460154 -0.30936372667663714 -0.334240636809803 0.17603842092000366 -0.08623432691434485 0.7673762055961186 -0.594674452871107 
-0.4945598561872111 0.6514063624129409 0.8636199812029413 -0.884449400929944 -0.9735066828524672 0.24039380547051636 0.863483815018733 0.3108837607745054 0.5704733920495098 0.6227429710746675 -0.7933821433069099 0.9248924630266881 0.98743208101959 0.5764461614966236 -0.43647082780626345 0.9747582265925436 -0.9964153791906496 -0.02020473564488179 -0.8485420543311282 0.8749396284905089 