0.47005573713198023 -0.634108428121821 1.20399347014171 -0.7654038984019302 1.7531668048443563 0.5862687538597458 1.762199319115167 1.735213718246007 -0.9182527268328533 0.8340971768376595 0.6272750763585915 0.0968232455807092 0.9214439024276593 0.13248692562809739 -1.2534839326321374 -0.45803772253130903 -1.0227858984754516 0.9541822346723792 0.3888249950761442 1.353576770558449 
0.9214439024276593 0.13248692562809739 -1.2534839326321374 -0.45803772253130903 -0.24976323543891477 -0.5376029723207307 0.48224019334826007 1.061307959168467 1.4426311377915684 -0.6969460835532915 1.0661072636804203 0.5277223781076916 -0.6500113947834025 1.1251113284834169 0.8938835145412027 -0.7297271037171065 1.3907424229445544 1.7479412708032216 1.7092682994586057 1.758458955324191 
-0.6500113947834025 1.1251113284834169 0.8938835145412027 -0.7297271037171065 1.3696402255604787 0.5222839501085583 -1.5967153613338105 -0.06775634652613105 0.69010782336666 -1.0712171782373874 -0.025359468753064274 -0.9616667841059972 -1.9395793756811326 1.8935045984337724 1.6048100576247433 -0.3431688935484183 0.09663875906143593 0.5129701410468401 -0.8988363658339655 0.41091249781901285 
-0.6500113947834025 1.1251113284834169 0.8938835145412027 -0.7297271037171065 -1.1325412145824525 -0.9733725272571769 -1.6068592452411137 -0.49211347127078753 -0.302261248049569 -1.2089945382668952 -0.20370325820263302 0.6458114966740713 -1.6982073100221604 -0.43910691546095126 -0.9161284093036475 1.5466851586890615 -1.7879643186627914 -1.4393136082265396 -1.1230032371034517 -1.0010062090379508 
-0.4320144721026087 -0.6855385298606151 -0.9704280860525505 -1.9844061186371245 -1.4205715434745136 -0.2134902310037936 1.0083122415279107 0.7930767719610605 -0.6539416254714259 -1.2394305924239872 -1.8001740573629155 1.5131572279054626 0.836944402796612 -1.9211867703592338 1.0017252360478572 -1.5978237261298078 1.6416532260657943 -0.6451866229542107 0.02974339814612259 -0.7318633689300849 
-1.4205715434745136 -0.2134902310037936 1.0083122415279107 0.7930767719610605 1.2617244013885185 0.15444194280703094 0.5031436177397794 -1.787087128477801 -0.529429027628399 0.6872250066194727 0.6950762788409066 0.14791548779105135 -0.30475210655580476 1.893543828614813 1.5160192891906226 1.5274795892861848 1.0999258479836578 -0.48669220210460384 1.2940088953287683 0.6758988135207034 
-0.529429027628399 0.6872250066194727 0.6950762788409066 0.14791548779105135 0.930671790042676 1.4210662447473008 -1.4607306003423042 0.22925317339683238 -1.8765737017119357 0.7995160116894566 0.6961735407440588 -0.302019106709301 -1.0244801473707583 -0.11611227156757176 1.9923307721866381 0.9702230522902786 1.8150714062166884 -0.09816547691441047 0.09733269704031544 -1.572948861154285 
-0.529429027628399 0.6872250066194727 0.6950762788409066 0.14791548779105135 0.5746466875254281 -0.9341843965156449 -1.0866013097798564 0.5021387363051488 1.342629818167469 1.426355354898667 1.9838450481405165 1.4370665096771784 0.944717424528227 1.7864812324427293 1.6045178991148976 -1.5167109317547784 1.0129659948108998 1.4047313107963322 -0.6408374307940381 -1.936370670849961 
-0.529429027628399 0.6872250066194727 0.6950762788409066 0.14791548779105135 0.62826768464855 -0.7499364933117048 1.811112831054293 1.1193472859412954 1.5343766979441473 0.3778453758819036 -1.7818803115083273 0.29281670852163444 0.43472834632686386 -0.029958390013694824 -0.13595327233512888 0.7173869662943306 -0.3885242959129709 0.781925872878547 -1.4921556018809574 0.26084086931250194 
-0.3885242959129709 0.781925872878547 -1.4921556018809574 0.26084086931250194 -0.9976759245130506 -1.2212894034789223 -1.6792465638671894 -0.38502074535039554 1.0663008854767404 0.08623877274074232 -1.3181307376401747 -1.7549268867630525 0.9601563205128985 0.050299556605486906 -1.5545040536615407 1.861297035862235 1.5796978999389601 -0.3870005735676636 -1.8743105056979013 -1.2311802416327025 
-1.891502383155978 -1.3491639935644786 0.401785221297728 -0.9736178710021806 -0.6101850119588565 -1.738708344692582 -1.6304102551079453 -0.4707144384164321 -1.4360670748922937 -0.4356381408904748 1.334192416207776 -1.4422928785931273 -0.17053498247062082 -0.9866645640336733 0.782209833750974 -1.171346259200937 1.4625397647786276 -1.6923437709571583 1.532415817420457 -1.1039192147898746 
-1.891502383155978 -1.3491639935644786 0.401785221297728 -0.9736178710021806 1.4324488544146847 -0.1036959118968448 1.2385905212446153 1.6620233596971516 -0.0804295748663928 0.7922697056902539 -1.598566123934487 -0.5985618444674077 0.1353177329360551 -0.8799178108636689 -1.5700355151848342 0.6710140078487385 -1.336387477137312 -1.4511911644298623 -1.7916270334763542 -1.4611651461806336 
-1.891502383155978 -1.3491639935644786 0.401785221297728 -0.9736178710021806 -1.5543597797470285 -1.9389974355877175 0.28848472861359653 0.8012336693448545 1.7472247984093907 0.9824759933004361 -0.26670853542367556 1.5314377075791281 0.5789382031426116 -0.17925822380589151 1.8270259638858861 0.09828439206611517 -1.7779440913978632 -0.43996178468397185 -0.22165252027669125 1.3454760159292625 
-1.5543597797470285 -1.9389974355877175 0.28848472861359653 0.8012336693448545 -1.6152698206154033 -0.6203679954046595 1.2668928661575212 -0.5365309735218045 0.6327832117393477 -0.7177806155655886 -0.6764550835468954 0.6705057901788756 -0.728522545428985 0.2820415115445254 0.31115728012077115 -1.6062131396755506 1.5096743274327804 -1.747959578742993 1.5262836297042202 0.05466901615284536 
0.6327832117393477 -0.7177806155655886 -0.6764550835468954 0.6705057901788756 1.6593145656964352 -0.608229581922521 -1.4950850644734657 1.1821252093938908 -0.2659397470311582 -1.4873262892254617 1.239126159020123 0.311807086742645 -0.8026472671860123 0.7857744932062478 -1.8814033497442169 -1.922829466947149 -0.8688926833149901 -0.5581539092783121 -1.5873592065957411 1.6243095391002744 
0.6327832117393477 -0.7177806155655886 -0.6764550835468954 0.6705057901788756 0.9722924817556806 1.1188555628206083 1.3713590913877836 0.5261613062324404 -0.5625380664500499 -0.885308227325952 -1.4651735264324528 -0.2824372988097279 0.28504060304209 1.5556528521859474 0.7124587159947038 1.78949428342553 1.4923307234378318 -0.5807460173524968 1.9004393854528212 0.3297563717949288 
0.6327832117393477 -0.7177806155655886 -0.6764550835468954 0.6705057901788756 -1.3834231919789204 -0.9886779969680344 1.7438285018217088 -1.5073011681446618 -1.605345356836156 -0.8123294724673014 -0.5719807197664633 0.7505857284469637 -0.7234753396055593 -0.4497125452320532 -0.36300506754558004 -0.12677528486012335 -1.102207318912289 1.3765753738162156 0.5005053570697315 1.6904245742741941 
-1.3834231919789204 -0.9886779969680344 1.7438285018217088 -1.5073011681446618 0.8277988928317064 0.8689897514844618 -1.6720965669628862 1.8798221861706783 0.42221417618212387 -0.1940544756224183 -1.060180932039425 1.454062496279683 -0.16962930859624237 0.2544851380284099 1.583406521234778 0.4406718632464055 -0.7619103657946495 -0.5957099816644149 1.0206037305100266 -1.26508263505151 
-0.7619103657946495 -0.5957099816644149 1.0206037305100266 -1.26508263505151 0.9998865738944813 -1.2176106462053875 0.5017567680561741 -0.8523357456060641 1.5514818945531084 0.2686367278630377 -1.3087695236694556 0.21347497232520096 -0.5086614969432492 1.1574369385499317 -1.4049679754705173 0.5592355953693704 -0.21166672482895432 -1.5475585650500325 1.776908958663864 0.20807249486924873 
-0.7619103657946495 -0.5957099816644149 1.0206037305100266 -1.26508263505151 1.1805127734780614 -0.38442127843272234 -0.7647170498326505 -1.957192755154265 -0.5031356649789127 0.7919833483510046 0.06371412725363257 -0.0446368877983403 -1.227081608339478 -0.1275999714542846 -1.3933682222280428 0.7648736638955858 -1.2412332126584302 0.8605731949777762 1.272865692401136 -1.4198631961406414 
-1.2412332126584302 0.8605731949777762 1.272865692401136 -1.4198631961406414 1.5570631159466246 -1.868014976484904 -0.7099671639591922 0.7795747738481857 -0.9151932629808819 0.42660497172989764 0.004166268319541366 0.6888926694041606 0.3704842413592573 -0.6910400789474584 0.6351978096814817 1.0518367039074916 0.10344622043904206 0.06784996618112649 0.633597451931835 -0.14943039705505834 
-1.2412332126584302 0.8605731949777762 1.272865692401136 -1.4198631961406414 0.8538541450893735 -1.7462966861931526 1.6044049876152737 0.13732687614975259 -1.6543853812712639 0.729116455612445 1.940863428061058 1.8967275836860935 -0.06339632392499572 -1.0171943278736908 -1.9948849644964608 -1.2945514885874205 1.956755912321786 -0.4062802738030129 0.9082447150824668 0.8956715533872806 
-1.2412332126584302 0.8605731949777762 1.272865692401136 -1.4198631961406414 -0.03716205372334791 -1.9867699470351776 1.4357375526085616 0.5780070704615139 0.6381519745561128 -1.0185517790411054 1.5712564338782555 -0.43103581299025917 -0.4828567053478765 -0.01561098199903288 -0.4946438927185719 -1.0660489304075043 5.764727036772221E-4 1.0186085350489789 -1.4208278339285623 1.0452005888976856 
-1.2412332126584302 0.8605731949777762 1.272865692401136 -1.4198631961406414 0.4319972041549387 -1.6295155411973785 -0.5743839881507418 0.858776465881804 -1.4622027243619797 1.6762590457822797 0.8675544710453456 -0.021660626619940615 1.4962763010758597 0.6903297505086385 1.9346046447230592 0.40494559446141487 -1.693048732097894 1.8752952279268054 -1.7249475439834354 -0.8847035286259635 
-1.693048732097894 1.8752952279268054 -1.7249475439834354 -0.8847035286259635 -0.5457380704379706 -0.36157840612703973 -1.851409664056186 -0.2586736981838116 -1.9197455641187227 -0.8980305215379376 0.3258519231500423 1.209090214582368 1.4413430847802653 0.6429030586228324 -1.8923064760638781 -0.1428539237479547 1.0853346658698642 0.0942736802227695 -0.9514793226323706 0.9510470701870135 
-0.012792448191934369 -0.5380300230378867 -0.34506552022272396 -1.0650109802744723 0.6871248390519415 -0.3807673428207887 -0.33170953896528266 -1.7546195175475754 -0.8770854745697867 -0.6847797471996375 -1.7317478448333552 0.6118003266328755 -1.2104117369719338 1.2624491830592026 -0.520701527474249 -0.9139870308850493 -1.8449773806551089 0.04943124066523907 -0.39295456286678965 1.940591867930686 
-1.2104117369719338 1.2624491830592026 -0.520701527474249 -0.9139870308850493 -0.19673054785152244 0.6084535452390032 1.5194570781797845 -1.6930519816267227 -1.42365428647503 1.1023904666244273 -0.011005367927012344 1.1080293866678534 -1.980435141904108 -1.570031406741765 1.5784887616437477 1.385087710134763 -0.4954150385389968 1.1058997600928642 0.6869364630948014 0.3528086818523599 
-1.5648628274630347 -0.5148854714493893 0.8066326631013463 -1.4451703784717846 1.1812527393151622 0.9401612671506707 1.3392925538850156 0.945040510980447 1.504579519178122 1.935125524134751 1.2319541796795055 -1.4529169951464338 -0.08704395591531222 0.4055150147784943 0.2198869407032613 -0.21448785181684293 -1.7606988255629785 0.5833115829704165 1.3173899262420647 -0.14040780766675232 
-1.7606988255629785 0.5833115829704165 1.3173899262420647 -0.14040780766675232 1.430142843594565 -1.902144122534637 -1.1781705779718297 -0.9309162304205283 1.908227093298661 1.315012370512206 1.5204625508491607 0.8569627754825193 -1.953161670536013 -1.1932159245662222 -0.6749557329214975 -1.8152641972676657 0.20610120097227957 -0.8099610797743453 -0.8126507132048388 0.9905757335105974 
0.45425874626181306 -0.8074871054270409 -0.28653192569954733 -1.0424052035233498 0.9042827613197351 0.4031557888477164 -0.610048211218567 0.01191149083904186 0.1861886642990065 0.3614134664876745 1.7120595399217908 1.367652166156422 -0.12195799713989564 1.9733225622663348 0.8969724583918053 -0.32694772465166233 -1.1717193656498552 -0.294538798194683 -0.7834226403152966 -1.5226703921319253 
-0.19682399711167875 0.27378057603386097 0.649822978482657 0.9372452174016663 -1.6066035920612483 -0.37779318267407236 -0.10069365795750507 -0.8927554383629537 -1.5509918674689431 0.4418338820126695 -1.8065285870218446 -1.33093821742621 -0.27117079451586523 1.0180776873244053 -1.3676408602903538 0.46095064853981427 1.496905113414857 1.4193668780200146 1.8039527853841202 -1.133328236959759 
-1.6066035920612483 -0.37779318267407236 -0.10069365795750507 -0.8927554383629537 -0.3701571149573688 0.8770060139413269 0.8612557204985309 1.7077518833765857 1.0600467379484075 -1.673509836160846 -1.6920255829417137 1.8416943512853 -1.725805612176739 -1.7171244557974452 -1.180630129730155 -0.8393175391420287 -0.013806704519440771 -1.4035827135064505 -0.3197505136010954 -1.386297658008378 
-0.3701571149573688 0.8770060139413269 0.8612557204985309 1.7077518833765857 -0.7341952244366876 1.9110207893503612 -0.24616204261385777 -1.6147948288488476 -1.6740118630993015 -1.3613489943146568 1.2253318607478882 -0.7499431571918453 1.1403965810563252 0.4697407081696796 0.15524882987955912 -0.8169341306349542 0.6227173811948923 0.6330178188636584 1.2838188246817546 -1.4706183104018038 
-0.3701571149573688 0.8770060139413269 0.8612557204985309 1.7077518833765857 -1.355280180173985 -1.0584053774444238 0.22466894139071725 -0.08574210810292371 -0.7156761741212558 -0.2657410983395381 1.601730546772563 1.465971962755368 0.21504946906353561 -0.2276151463882683 -1.5216839757614848 0.9548946297871281 -0.16926034820890523 -0.8632170158826811 1.2785178836769515 -1.3233116884808211 
1.3889161181445844 -0.7171279778900477 -0.719601745809836 -0.7753059310180634 0.6398041943915915 -0.08797498624805922 0.09908696612780865 0.2776765188512247 1.7642977748553759 1.6623031459417907 -0.576661601688564 0.5175858802845719 1.9229617800492482 0.013226291561311943 -0.9852436028023521 1.6664275057591378 0.21613419453598048 -1.9584411289783965 0.38713286697499516 -0.43535698453811245 
1.7642977748553759 1.6623031459417907 -0.576661601688564 0.5175858802845719 -0.5511764794637193 -0.5241004627225339 -0.9544898437573361 1.5659362517888114 0.2772143359420123 0.6206347804971268 -1.8524928451327325 -1.9436635278395498 0.47044716945983955 -0.43675730228125875 0.037773777964975164 -1.9635950214867681 -1.662635696238667 0.797222816238965 -1.8611623487423024 -1.632734333654998 
-0.5511764794637193 -0.5241004627225339 -0.9544898437573361 1.5659362517888114 1.6699820868218413 -1.8491139944564048 0.3616761031972002 0.8874556517047707 0.06942319341819303 0.3109498803718358 0.4728078590754188 -1.6284857940635518 1.6646417387050092 0.6300771780804446 -1.5425733021668435 -1.864569108025628 1.2342625884366005 -1.628110752624354 0.6590547707972774 0.6467214819969933 
0.06942319341819303 0.3109498803718358 0.4728078590754188 -1.6284857940635518 0.2644266216879543 -1.2347530997437213 -1.8906960171029499 1.8990893664985298 -1.4027277145875772 1.7602432891371893 1.538400790385861 -1.9819031815718948 -1.8396752390120468 0.7006385122474517 1.195278876908004 0.9952445039135678 0.6214834111757033 -0.23026657107795945 0.6625047195449354 -1.619345922775632 
0.06942319341819303 0.3109498803718358 0.4728078590754188 -1.6284857940635518 1.7026088417571215 -0.3770740109484998 0.37348831686324946 1.2040452724198754 -1.835205523334733 0.05322437624253151 -1.4244788033592757 1.9234113099512582 -1.8794592362998919 -1.3927002808012259 -0.5168467260303378 -1.251648141432372 0.6974140863937963 -0.7319626765456726 1.9042225117098543 1.7393334466379349 
-1.232262220422661 -0.8362242546575489 -1.6956673563194333 -1.6626577799996052 -1.5370343722922741 1.729357559066906 -1.6151713073268028 -1.340800615508924 -1.7027566512631838 -0.524659232809551 1.5286062966233036 0.43276932875061336 0.1745067912843168 -1.0988074210019114 1.0862395430489942 1.960263664436034 -0.979241935930443 -0.01739863290563548 -1.9747118843090812 1.51890401202763 
-1.7027566512631838 -0.524659232809551 1.5286062966233036 0.43276932875061336 -1.9484322652999748 -0.2846598286284503 -1.5050915897049064 -1.8096209417732814 0.36132101489876556 1.5080294893080461 -0.5325324309712243 1.505482340819452 1.6091662620545018 0.612979031589505 -0.3601245849388399 0.8537578081548225 -1.470626544972217 -0.38496435597237966 0.8928971832448389 0.43072751753269944 
-1.7027566512631838 -0.524659232809551 1.5286062966233036 0.43276932875061336 -0.36208728160541037 0.5120267969718846 -0.3624154737349472 -1.270001170186251 -1.181415478519512 1.059269963826866 -1.7127595717196518 0.7837143078987379 0.5695792001458702 1.2344160530213792 -0.58282489431835 -1.3515022639654783 -1.7488736366336979 -0.18552230305799533 0.37446252188400475 1.4675945661864795 
-1.7027566512631838 -0.524659232809551 1.5286062966233036 0.43276932875061336 0.4972072147658495 -0.9483651840832552 -1.3256878318335819 -1.6020201186304996 1.6882544867600373 -0.005330643925992806 0.11555548598649823 1.212355006730471 -0.05251777175931949 1.7916075465904076 -0.3327478483061208 -0.7950219601592647 -1.9788191397476602 0.31915168671655936 1.622523020023182 -0.8399877468391357 
-1.9788191397476602 0.31915168671655936 1.622523020023182 -0.8399877468391357 -0.04523944272647684 1.7497753471509094 -0.41520530155618207 -1.7617173049635446 1.4072001305429254 1.0953445550967285 -1.8054365430800612 -1.0256015083465884 1.2660483922497052 -0.8155878952201046 -1.9396831320077066 -0.729687739446176 -0.206033537819716 1.5076723937484466 -1.4909331466352955 -1.6462779659983737 
1.8402943352302037 1.0727513517456968 -1.9281349562271801 -0.06520790010781097 0.4729201236383971 1.8264209911381535 0.5570522006129566 -0.735125217569029 1.955323609253242 -1.5226985131581592 -1.729840692853167 0.9535387765213819 -1.8966463493033978 1.4819546492862052 -0.9456800776714558 1.7611756085810946 -1.8688898824849147 0.032684276462371376 0.8289567537616573 -0.006488759515911546 
-1.8966463493033978 1.4819546492862052 -0.9456800776714558 1.7611756085810946 1.2819257032540379 1.5545828615567996 -0.35030525287847736 0.5018415591427363 -1.2792521803804466 0.6282138887760822 -1.909815930089966 1.8208359883485623 -1.7130030136202476 -1.846446982451797 0.9514097911452488 -1.4646874481185015 -1.1384116949963925 0.4465069340021586 1.5807240770930249 1.3073316600688139 
-1.8966463493033978 1.4819546492862052 -0.9456800776714558 1.7611756085810946 -0.8906237417000646 -1.3052171393952552 -0.8666664017167767 -0.4600813770380787 -1.226879475327895 1.7797047989968302 -1.5288517177188687 0.14269842793555787 -1.7452888938302076 0.791282911557615 -0.26678516143324726 -1.4042590858372712 0.5472680663634977 1.143305953075091 0.2259422108861484 -1.329521117117491 
1.3396910210580324 1.8606513248906462 -1.5951809523263836 -0.13844595007499683 1.2311292362823751 -0.45078564798888365 -0.1629937019804819 0.0665870685593104 -0.8994810631476646 1.1242753305128153 -1.18680420871388 0.9423355716755841 -0.059632449657617936 0.3974685117741794 0.8158563684752673 1.2594605343727996 -0.8322861642330985 0.9021483675213782 0.4584692161666357 -0.0316017562680031 
-0.8994810631476646 1.1242753305128153 -1.18680420871388 0.9423355716755841 0.10274662186831707 1.5889832218604703 -1.6133260076866498 -1.7000473205161124 0.3129982166298211 -1.0749609793936976 0.7954567427532848 -1.9180847340375946 1.5376267622032604 -1.8967777910690584 1.4697547045752426 -0.5850165067495037 1.789045560286528 0.3119640144339102 0.24232562751791686 -1.077454435959512 
1.5376267622032604 -1.8967777910690584 1.4697547045752426 -0.5850165067495037 -1.8706755572998999 -0.08782515307285044 -1.9668510650061912 1.0957214204921106 0.18071518231156158 1.2793944573418665 1.5690521596514082 -0.19041167745638132 1.772169331574577 -0.37695244131622774 1.2532984596797134 0.4702178572499318 -1.373954545763945 -0.8265897473013313 1.0649880090088337 -0.608145005363987 
1.5376267622032604 -1.8967777910690584 1.4697547045752426 -0.5850165067495037 0.1651204415138583 -1.6573453426671931 0.12139113350929076 0.02639881718604986 -0.17099281630383167 1.1564972215810214 0.37283814292779294 1.4681205242995068 -0.33875926898927666 1.8077188730915172 1.980814539115928 -0.005351226965954137 1.2474312896461832 0.34839067229082277 1.5055786689485444 -1.7746100074092284 
1.5376267622032604 -1.8967777910690584 1.4697547045752426 -0.5850165067495037 1.6448255447343811 1.587461889024611 -0.5193611421538691 -1.9681833791875785 0.5799862168658847 1.4147818633471982 -1.3418855728073527 0.19018323622642797 1.1313734066834003 -1.328747832541592 1.340606895383457 -0.30614465211686914 -1.8079911569310525 -1.6471650381757805 -0.29954950061769425 -1.1881088480309843 
1.5376267622032604 -1.8967777910690584 1.4697547045752426 -0.5850165067495037 -0.19834618529287518 1.5357133834473595 1.594339555548685 -0.03208140003226223 1.8589996491427612 1.3793118113474274 -1.915663167732908 -0.7817792371418792 1.1658848138193623 0.5431088840834701 0.6473844361501326 0.8489368714523406 -0.8639923365107034 -0.17977640378900883 1.7247356230077635 0.552492920464398 
1.5376267622032604 -1.8967777910690584 1.4697547045752426 -0.5850165067495037 -0.2264893439415827 -1.6865430789955056 0.4703667228262769 -0.8689392653772345 1.4459896585849688 -0.6505307608367472 1.716735850614902 0.274399947299762 -0.41438337793080526 1.041109172167455 0.7639099065807837 -0.5772296589386525 1.080703790050364 0.13998237489753773 0.17535037279682664 -0.4808493507261469 
1.080703790050364 0.13998237489753773 0.17535037279682664 -0.4808493507261469 -0.20841340230376604 0.31173111153555944 1.6152273373343133 1.6978450053721228 -0.26927391630979525 0.7900581016989832 1.868816834494901 -1.2606705486220466 -0.10197628457419317 0.5148112765037891 -0.5950645313419107 -1.3368316369180966 0.5802100452263454 1.314582486819798 1.563316192466405 1.8959989668062822 
1.9736402333951006 1.8530472155925835 0.06215960284242428 -1.651991658866847 -0.9156158976650719 0.9200309316975899 -0.8485371827778669 -0.21697964964080851 -1.092059143801873 0.5850231445632477 1.6652217991859102 -1.2574894510878303 -1.886455735993076 -1.2752300212382703 -0.6090835849997975 0.3422529259315654 -0.500038309483684 1.315104260791344 1.5390779924083025 -1.1643932559192423 
-1.092059143801873 0.5850231445632477 1.6652217991859102 -1.2574894510878303 -1.2799976150870718 -0.6538764059705167 1.9189469323019712 -1.9738218234065394 -0.9447861033014173 -0.973602716218879 -1.7506196374393492 -0.8442664323684865 1.3091634513970694 -1.9533022862551515 -0.4683108675835217 -0.13956047854408915 -0.3717175555918564 0.1943110115940505 -0.10726319006483376 0.8177681771428951 
-0.3717175555918564 0.1943110115940505 -0.10726319006483376 0.8177681771428951 -0.5998089956994956 1.3364592127415809 0.157713449774465 1.691020860533658 0.2787340847157669 -0.44983107708250003 -1.3165897052651454 1.099908413908003 -0.7292009184224328 -0.3263907096293779 -0.48027282496546864 0.9419131202781972 0.20136112400659023 -1.7261407152890773 -1.3484767805863527 -1.0660432673953468 
-0.7292009184224328 -0.3263907096293779 -0.48027282496546864 0.9419131202781972 0.9015674341094444 0.9582980621722648 0.9602989644979689 -0.9822322600954592 -1.4260527513513614 1.496670005422835 1.4380245248998293 1.4169575789015756 -0.41548724840298146 1.0874997736187684 1.6119674327831754 -0.928457217677086 -1.6325487995147365 1.0533023789337026 -0.3695204884400116 1.9032725153048533 
-1.6325487995147365 1.0533023789337026 -0.3695204884400116 1.9032725153048533 -0.5488585079210315 0.2063074329517458 1.3156090421928028 -1.2679753943140484 -0.9150676620602503 0.35075691768425 0.6104677781353312 -1.6389962360026247 0.10030365298685462 -1.1217930184149454 1.3195122434797315 -1.863916540060393 -0.34529033337159776 0.3055969517477828 -0.7465466542850931 0.4343524261263956 
-1.6325487995147365 1.0533023789337026 -0.3695204884400116 1.9032725153048533 -1.8307570998815246 0.43517644760308993 0.5790951213046882 -1.6220266400529049 1.9535488804917853 0.766013449001933 -1.0297576837863147 -1.6913065896097175 -1.7916624060172568 0.9392455315506867 1.1412639071608028 -1.5276829804182235 1.3798356938066392 0.11432766643134551 -0.0045932491989519875 -0.9289371991609401 
-1.6325487995147365 1.0533023789337026 -0.3695204884400116 1.9032725153048533 1.8276758724789142 -1.191878818247682 1.7269473110948348 0.0471325681853747 -1.2259567204952542 1.5358921634938625 -1.2108298134376985 -0.6831596805675728 0.3235579935915269 0.9395534434515893 1.837626625674929 0.5522303184469242 0.199645554874186 -0.9693774941268223 0.20329742341162982 -1.2840437676863545 
0.199645554874186 -0.9693774941268223 0.20329742341162982 -1.2840437676863545 -1.1508096679808482 -0.564054500338885 -1.9392769557266738 0.37880156734908077 0.11434208513588384 -1.6566369647141563 1.873084791194231 -1.1898874545235145 -1.4252344578903817 0.7904227207943522 -1.6894712959585068 0.25496483418741356 1.1460927504893315 1.5103846244586552 0.4255296851963446 -0.1682456217920052 
-1.4252344578903817 0.7904227207943522 -1.6894712959585068 0.25496483418741356 -0.9807612203179046 0.9527266566712713 0.7994203615158995 0.6590799420522706 1.4785141725986244 1.958710759615387 -0.05760526272601885 -1.3498582659993401 1.3244005403880181 0.2644709463579935 1.7908154619412642 1.426010267218829 0.43853057640152304 0.8901391123619984 1.8838242798839007 1.0643154485256443 
0.43853057640152304 0.8901391123619984 1.8838242798839007 1.0643154485256443 1.9290149196429098 0.3058641392558239 1.4403015266509986 0.6565480340763434 -1.6269814228516535 -1.8814767338043552 0.45357811527800296 1.4167731887378374 -0.9774558260624224 1.5264482437758726 0.7332108336189718 1.736105721660795 -1.1842567942360236 0.6752792111937449 0.8941551494075766 -0.4492909025292553 
-1.6269814228516535 -1.8814767338043552 0.45357811527800296 1.4167731887378374 -0.08232068052837915 0.6693935353790428 0.6688706334345613 0.3550941960320957 -1.0216724686801837 1.2513196831199997 -0.7436354206351443 1.7976471778046044 1.9830183884256836 1.6395857736598498 -1.0080275181182503 -1.18977653335152 1.802570714510641 0.5579362858679775 -1.4102419858603419 -1.412346296884956 
1.9830183884256836 1.6395857736598498 -1.0080275181182503 -1.18977653335152 1.3860072288597007 -0.9917019303206493 1.550909544624051 0.370859185780696 -1.224758672614933 -0.25033423211922257 1.8020638617160842 -1.8960386933471058 1.7861008838148882 0.23921794213495495 -0.29106291584520294 1.4627898225502411 -1.5878377258714265 1.7415508963596165 1.6159175880083025 0.3593319493392668 
1.3860072288597007 -0.9917019303206493 1.550909544624051 0.370859185780696 0.2623949074225802 0.595993951807138 -0.22203330479337868 -1.5144583531012277 -1.5493608791533524 1.776215013465802 -0.1522470963555631 -0.802579599043435 -0.41250243863408853 -0.08347841014167257 1.7380237036634938E-4 -1.4001886638042689 -1.2767400134899178 1.3085172557719886 -0.5003851992048176 -1.2625865584548395 
-1.5493608791533524 1.776215013465802 -0.1522470963555631 -0.802579599043435 -0.30751817050476893 -1.9548878291391119 0.9411396735934554 -1.2648794831666503 -1.2757201929752666 -0.6945555036687385 0.9175787801084359 0.29705992777607193 -1.6192626778453048 -1.3915811703194771 1.959328710777751 0.36242637833552305 0.5923551717974633 -1.2314967608368605 -1.905770232783702 -1.0561417079823205 
-1.6192626778453048 -1.3915811703194771 1.959328710777751 0.36242637833552305 -1.6852957682659078 -0.5231818705110043 0.37107774967624296 -1.8856621347742806 1.1702213614065733 1.333815269653016 1.2888694103351201 0.6293712896055448 0.025106981333856027 -0.44629119180066334 -1.0964432880020856 -1.1475693879186313 1.1477778510728829 0.196564021486755 -1.3260082286500925 0.7282056304322602 
-1.6192626778453048 -1.3915811703194771 1.959328710777751 0.36242637833552305 1.4827534042041308 0.8758876360223398 0.15730181750255667 0.8840892901153183 1.9473191415852527 -1.5561745065461787 -0.8085178147830896 0.16899711676371476 0.3452098046591612 1.2612971341445731 -1.5996368576491045 -1.8477916643064525 -0.98113312330231 -1.5370436927444868 -0.7171022206183393 -1.4632124252882082 
-1.6192626778453048 -1.3915811703194771 1.959328710777751 0.36242637833552305 -0.625346338546557 -0.07226657932343938 0.08383533860991177 1.5587925488779608 -0.7337689412490569 0.6728041906925672 0.12771966644290256 -0.9632830717575422 -1.5358748649967824 0.2853183382660318 -1.8351054260147888 0.446342235522176 1.8272113021800815 1.9798180011906683 -1.647218712554062 -0.5464214045795641 
-0.7337689412490569 0.6728041906925672 0.12771966644290256 -0.9632830717575422 -1.1637901139014168 1.398829387235831 0.6985175344657737 -1.8129603329875037 -0.9599231263422112 -1.833652403272605 0.4242119071008359 -0.1986579057209905 -0.5427894530887771 1.437641221635599 -0.1584984272368235 -0.8011036889820913 -0.6431304290048425 -1.29419182884559 -1.3255156259712257 0.5999789126711614 
-1.1637901139014168 1.398829387235831 0.6985175344657737 -1.8129603329875037 -1.568374425846764 -1.5605582479232032 1.5862588673633078 -0.005448382998898271 1.7575005548919584 -1.211498910025126 1.4935917521998565 -0.2601629333132678 1.9415041621764528 0.060942117713003174 0.13630712098162912 1.3679832352167995 -1.1062992829985783 1.9744830776083204 1.2986935344692534 -0.40125157041284565 
-1.1637901139014168 1.398829387235831 0.6985175344657737 -1.8129603329875037 -0.747051555517491 -1.9453398897600551 1.9339536878522359 0.4096965384974496 -0.044832130977003004 1.4861598969525964 -1.6942661174997062 -0.9273068324433535 -0.6812565898714147 1.8175016067752283 1.5851192236347997 1.732708654803873 0.045504025277385285 0.13855721315990221 -1.467193365896382 0.6055607079858363 
-0.747051555517491 -1.9453398897600551 1.9339536878522359 0.4096965384974496 -1.1756839823024907 0.3720700522652436 1.0346018070480856 -0.32185842536537734 1.5403961126526236 -1.257999785839838 0.8594036903606583 -1.7596961507132782 -1.5534305397799852 -1.0377197584530475 -1.3722271939862005 -0.23268097549920785 -0.9386831724137363 -0.2224818773473305 -0.6044010144727836 1.0573025850495128 
-1.5534305397799852 -1.0377197584530475 -1.3722271939862005 -0.23268097549920785 -1.2375518674985972 0.795936249877951 -1.8642658007853279 -1.4927801215484817 1.2215562010437773 1.705170119894515 0.31588573996365765 0.6375980028077741 0.8667145655149797 1.371762487229216 1.621251527433016 -1.5955082981538036 1.0098060451082254 1.261588173798986 -1.6578099720945634 -0.8270245672623768 
0.8667145655149797 1.371762487229216 1.621251527433016 -1.5955082981538036 -0.6313331478872835 0.8193016713562851 1.137411040096306 -1.062292458114599 -0.06498440471353018 -0.46314194649636864 -1.4665248750973912 -1.0859409833866787 0.7491581848350468 -0.702553659572712 -0.8296815524528047 -0.5855458088928485 0.38379668262939104 1.660858148050608 -0.9323276451418612 1.9917206035197164 
-0.6313331478872835 0.8193016713562851 1.137411040096306 -1.062292458114599 1.3012175472598653 0.10722728470838616 -0.2508605616072055 1.8544600604627077 1.8245091970229033 -0.4740512263878771 0.19638234576569946 -0.5663250673133331 0.6585630177866757 -0.24107593579819397 -1.1482109995059417 -1.2016888053652468 -0.5496353615222058 1.8519566086379409 -1.0532468951298455 -0.06914865841795681 
-0.6313331478872835 0.8193016713562851 1.137411040096306 -1.062292458114599 -0.6997327073511954 -0.39484050497415746 0.17216510893559978 -0.9612977425351605 1.8084390623460833 0.5261047217796273 0.9576147782139732 0.1581644034344376 -0.9522283123755964 -1.8631520008118359 -0.46596001320169567 -0.8626188028285133 -0.6063127536021837 -1.6392685010947705 -0.27100563445792814 0.2556990317938954 
-0.6313331478872835 0.8193016713562851 1.137411040096306 -1.062292458114599 -0.22731465805715834 -0.7495323299753269 -0.5997852398042323 -0.9674838130872758 0.7847243357718847 -1.411024929863955 0.8986608295319205 -1.3047047127260565 -0.8740878288899085 -1.5984291551933896 -0.6699720717911499 -0.2268792651013234 0.4556685573667929 0.11173464885834461 -0.8918304144939828 0.21435638599051732 
0.7847243357718847 -1.411024929863955 0.8986608295319205 -1.3047047127260565 -0.7100914675591143 0.13471752302390438 0.4392556573959925 0.24073236858273095 -0.42268851947369157 1.1484036920086558 1.0198612348397997 -0.8508396084787488 -1.555745156805786 -0.16178339565401378 -1.3338737857308565 1.0551801760900075 1.7863777093201918 1.3180653586052054 0.18678917000676343 1.3862280974823902 
-0.7100914675591143 0.13471752302390438 0.4392556573959925 0.24073236858273095 1.7839310725725244 -1.2106624874895484 -1.3690727057341276 -1.9930905658420026 0.7854560784552338 -1.8270678231523663 1.917978565266199 1.7832425945750594 -0.6847762555133272 -1.0843532811769019 1.650105735185004 1.5877991282538177 1.940154515491891 1.4002685933460803 0.5196351323049893 -0.27111173797733334 
0.35871090615123125 -0.19967271710294554 1.9571562936720728 -0.00399693181952987 -1.2425924451892043 -1.5358935294168057 -1.9861392148579937 0.2846312037793277 1.4935076911922933 1.5158756949369687 0.00344232769234587 1.5794294208735415 -0.996490241892606 -0.17296339239599057 1.9917919507353954 1.5322471283175156 -1.2047884546303025 -0.6897522140669317 1.7640934277670115 0.46429487360848 
-1.2047884546303025 -0.6897522140669317 1.7640934277670115 0.46429487360848 1.3358992568396824 1.519283639801638 0.9748035877850296 0.8342106030355043 -1.5251042732735631 -0.5805078168785638 1.247926714938985 -1.3059617505905012 0.20673005887151374 -1.43060665222374 0.1772287654630098 1.3009382818902342 -0.7643532864623057 -1.1476366935506825 -1.932287417921113 0.906204842048417 
-1.2047884546303025 -0.6897522140669317 1.7640934277670115 0.46429487360848 0.8328065859682887 1.277317198395079 1.736258617788069 0.3273251911497348 0.42219117942053996 0.37610816134795355 0.6597479474702048 0.031197586988877646 0.20476498142765376 -1.6263697448597538 -1.9275027723575247 0.6468635241609308 -0.9835985773218612 1.4332330441691523 -1.363425543622209 0.5615584857280398 
-1.2047884546303025 -0.6897522140669317 1.7640934277670115 0.46429487360848 -0.35323901046014194 -0.9164886160453043 -1.9530531654797931 -0.09341578299464848 1.2841918276301452 -0.4245300340321947 -1.6102459237415574 1.2434145361165796 1.9435247350204459 -0.14452093352850515 -0.8222018974023149 -0.9753213979384086 0.33228114614275084 0.4696146915547521 0.9012765748112295 1.6759826896032815 
-1.2047884546303025 -0.6897522140669317 1.7640934277670115 0.46429487360848 1.8283032173808644 0.6713206208490439 -1.046884834462913 0.8388134002537933 1.104399276977838 -1.1451265516008151 1.5676888870998749 1.176382352813241 -1.154681861569311 -0.8618272883160722 -0.9300297296473423 -0.48673711682778675 -1.0815759888901435 -1.2663379993990436 0.5661470690592632 1.282324350271332 
-1.2047884546303025 -0.6897522140669317 1.7640934277670115 0.46429487360848 0.591453758530395 0.5098012668066882 1.2728435333319696 1.8640619303465296 -0.06389719524655524 1.4952489419725943 -1.8934285434689002 1.2918130800732968 -1.123216180195385 0.8861856989252619 -0.17618681990520102 -0.41065868395746463 1.9436874174988197 0.5055494458614631 1.1352532253045173 -1.6104961529365225 
-0.06389719524655524 1.4952489419725943 -1.8934285434689002 1.2918130800732968 -0.6292178799427317 -1.2709386787813206 1.1819814294341557 1.5870762711761173 0.7012974089031525 -0.9901832564920752 0.3001888712012377 0.21628607430324553 -0.9258695680010849 0.5130614040497763 1.8273176831869695 1.7922024727134795 -0.8474159097995879 1.0367370604896986 0.0530272281464752 -1.5311778465166506 
-1.941160508515523 -1.765503439332159 1.369912276218717 1.8504150826108665 0.13923380580050093 1.6362307979499704 -1.7550206219313216 -1.3710587516088686 1.3575243889386162 -0.6082112883786572 1.7162310778115066 -0.6433338437458844 0.6237826849745773 -1.9453209436992367 -0.30151331216656585 1.3435241807426799 0.5582073183512231 1.809818913092211 -0.6615028823971012 -0.20448896117920423 
-0.8800434723954993 0.4032461055922876 -1.2321627718349868 0.3455629635016213 -0.3167083331822025 0.16376903455947645 -0.4860500391635485 0.15184329889229797 -1.089444106532671 0.9755920982027475 1.162364029765679 1.2751077525774765 1.3836513085034046 -0.19754195410239106 1.6939598484389617 -0.2649664921858075 1.4233046473458764 -0.8870566393921115 0.6322493099449042 0.532359337733987 
-0.3167083331822025 0.16376903455947645 -0.4860500391635485 0.15184329889229797 0.7001139642480068 1.1443153112188047 -0.36076624730726037 -0.5748768022463095 -0.3736415594609821 -0.5808420165827877 0.3088400755037717 1.9412906115221653 -0.9572295400651223 -0.4248144461633525 0.09516460653539394 0.6726277330625461 -1.2058303852458918 -1.0038989105557081 0.3223617801658176 1.7404032333712176 
-1.5714523962610478 1.518391742702498 0.996620139304575 0.34346301998681295 1.542243282089116 -0.6562531949238726 0.07330979951983174 0.15495239956093698 -0.9335595003331387 -0.7854424692887974 -1.0372644242792304 -1.6024653604978263 0.6779177118516508 -1.9885217344811421 -1.5135178039474626 0.7208277437795543 -0.9333308916666514 -0.7547428272816918 -1.703891000284473 -1.1705082277490613 
-1.5714523962610478 1.518391742702498 0.996620139304575 0.34346301998681295 0.04384208944994494 -0.5974839977667861 1.4993402303932117 -1.509829725180421 -0.7946304723014692 0.851182995385833 0.9945810931922643 0.7822207680235422 -1.8573227505161105 0.05955522073703978 -0.330133521828468 -0.4244986356588445 -1.086334642720911 0.6563390892798062 -1.6833567332732926 -1.0384376120697238 
-1.086334642720911 0.6563390892798062 -1.6833567332732926 -1.0384376120697238 0.2347441469061886 -1.389708596884585 1.4883931104985408 1.9712568365733447 0.06839956652659884 1.420910968562402 -0.2625185546771598 -0.5548617401841867 0.6198017211412408 -1.7935568478334107 -1.1996970754919931 0.9584699257923561 1.8900770579143873 1.571267594686288 -1.311059857505029 -0.9484628742173773 
0.2347441469061886 -1.389708596884585 1.4883931104985408 1.9712568365733447 -1.6051346034283074 -1.0804473834094281 -1.2466939137941933 -0.9701137491028442 1.554004108042018 1.8291196456055974 -0.9006411845359783 -1.4480252502414093 0.2978780456471264 -0.7607747457605543 0.4328739609754946 -1.120392612272565 0.25814473882387734 0.5883632491357296 0.3264055599734679 -1.7024144546755977 
-1.6051346034283074 -1.0804473834094281 -1.2466939137941933 -0.9701137491028442 -0.9507250110959884 -1.6841903417428097 -1.5091415528792265 1.1731691160054134 -0.914144879372782 0.580625104700788 1.9491014808819531 -0.002523455288952814 1.508444485723302 0.023874848382479108 -1.1061326062432824 -1.1468771398998645 1.5695889471086977 -1.6545594523641403 0.6033448816435856 -0.8918473162152765 
-1.6051346034283074 -1.0804473834094281 -1.2466939137941933 -0.9701137491028442 -1.8557308159532782 0.03689210011508193 0.8130421691865068 -0.14671847221333634 0.6083722680007311 -0.556499820579754 -0.6387332462266988 -1.2004321082929885 -1.4743542605236906 -1.2603833163200049 0.6703664665721449 -1.8264755965514574 -1.378023483997072 1.1843815439116145 -1.7668959835520002 0.9948364206085589 
0.6083722680007311 -0.556499820579754 -0.6387332462266988 -1.2004321082929885 -1.3505012808903887 -1.9911906369180525 0.3258038730768007 -1.6780527918375263 0.07814008527954419 1.849024046249573 1.2202840560491488 -0.5536429100692115 0.7384172633212942 -1.414525915730609 -0.5545166236543757 -1.0066159590155044 0.12879710904042962 1.859864760525543 0.01233193945834632 0.9404303830517833 
-1.227431195735472 -0.786664583711004 -1.2030160281808038 -0.1907257787546386 -1.3574003487983495 1.6789916343577733 1.0902687526727832 -0.2314804819917069 -0.10466173106424703 1.1018363721277669 0.03277103081756616 0.66939327827619 0.08925448858357132 0.5762300541190415 0.8751969530579009 -1.1973693056811454 1.747212438749822 -0.2062581507440271 0.25359656486994187 -1.7210887620664663 
1.747212438749822 -0.2062581507440271 0.25359656486994187 -1.7210887620664663 0.33647133523988515 -1.6917796426754248 0.7292305153825538 1.888695629888527 -0.7258488160125132 -1.359280494433758 -0.40070694403620877 -1.4898087414186674 0.320245824118472 1.2649923549476818 -1.3986841078230268 1.6436376288237353 -0.29939843792169274 0.9827119075260922 -1.8610098523907967 -1.5968802289624495 
0.5188784854347852 1.7296447175210066 -1.792290740937954 -1.579076186100878 -0.8046409528638452 1.752051317475373 0.8874621618268979 -1.04710029134328 0.3982346692612442 0.6470581107026914 -1.346959981402768 0.33604881885105575 -1.5121379032937785 0.381662893233345 -0.34687916556698406 0.09161288225714248 -0.1355072286931751 -1.8321335698793697 1.5678391790356625 0.8491044066069882 
-0.8046409528638452 1.752051317475373 0.8874621618268979 -1.04710029134328 -0.9573213067423607 0.07287781508456881 0.918136613556515 -1.2819982398963705 -1.8008151645515946 -1.4586395205100349 -0.6275074111211647 0.3288928564306248 -0.3408683559038308 0.6813178130020514 0.5451638962530794 0.04265690469223937 -0.8850303719709363 1.9561497346152277 0.7912262289826404 -0.48316329887478515 
-0.9573213067423607 0.07287781508456881 0.918136613556515 -1.2819982398963705 1.7393539661512447 0.7598740494320717 0.6459299366700666 1.0623482918231613 1.266544162285257 -1.8035589500719817 0.2701099954134327 0.8370057393578199 -1.4452134663040903 -1.8231907085792796 0.4077676610586156 -1.1580170207931735 1.120442512361878 1.2244734105487565 -1.7983642535260942 0.8941733744680711 
-0.9573213067423607 0.07287781508456881 0.918136613556515 -1.2819982398963705 -0.745474213258337 1.7117226195193105 1.068750108955475 0.3039042761387525 -1.7799463362133365 0.9025945322623601 -1.5633093173946113 0.6106717552661745 1.8233691503080234 -1.2721690169013193 -0.47616028213081707 0.5198579903523464 -1.2582109589995114 0.6079090743338154 1.2641303890294129 -1.8287305301528982 
-1.2582109589995114 0.6079090743338154 1.2641303890294129 -1.8287305301528982 -0.31185921664347926 0.22505668541982393 -0.5638536601614415 1.3491511688972184 1.3336481801311972 -0.7130535912696692 -1.5965301568797878 1.5476093155833737 -0.49973168393210843 -1.368554046071301 -1.6451824649464428 0.4254017284021212 0.3305399801392639 0.7230130206720893 0.3513722704904172 1.5051852712476732 
-1.2582109589995114 0.6079090743338154 1.2641303890294129 -1.8287305301528982 1.1210622227712546 1.1899412849928277 1.5369023928669518 -1.1215540063167375 0.07670413685831967 1.1439492203954584 -0.9565361617898076 1.3250477883643121 1.1637922956358295 -1.3323037506234447 -0.4790393504625956 -1.5595307353329537 0.6043997245464867 -0.3339084909462051 0.4450622938895985 1.7450645674171557 
-1.2582109589995114 0.6079090743338154 1.2641303890294129 -1.8287305301528982 -0.12954685659114995 1.8486838159253831 1.1435535641567136 0.9891211215348137 1.4668771971491044 1.427679486685566 -0.4886726436520399 0.07625860533637763 -0.5620371652871543 -1.0021622288243313 1.6395236088244842 1.946264375599407 -0.1837451495510436 0.41867788095845304 0.4332640314736915 1.6626887121401417 
-1.2582109589995114 0.6079090743338154 1.2641303890294129 -1.8287305301528982 -1.1088068040680827 -0.4758225754703651 -1.5520468414380022 1.310807249671854 -1.1398821500691612 0.1647091084004848 1.591346430535871 -1.9272740385127047 0.8419963268935264 -0.6370284469235279 -1.8081783396375184 1.7168642254213102 -1.6861412689155628 1.1870338001059686 -0.1547209639950764 1.3879520028848695 
-1.1398821500691612 0.1647091084004848 1.591346430535871 -1.9272740385127047 -1.0907039086027255 -1.9735076455846081 1.4389263029424129 -0.09839179513682739 -0.8714030731813955 -1.8632113629703753 0.32354005794330654 -0.18544886078285483 -0.5356418047896123 0.9384318214044844 -0.08751521652960559 1.405438093568717 -0.2709613672875322 -0.8443134546196989 1.750916239347407 -0.7063945140438181 
-0.5356418047896123 0.9384318214044844 -0.08751521652960559 1.405438093568717 -0.7577335104673519 -0.10032102426382439 0.6876692036004441 1.3295749644288395 0.34419175380091627 -0.3694966682692882 -1.361352877045444 -1.309555456243252 -1.2788784507862188 -1.609169762407248 0.529236550621393 0.9303319962290337 1.1687060234324882 0.6545758050535784 1.2926389114599925 -0.5269405299252115 
-0.7577335104673519 -0.10032102426382439 0.6876692036004441 1.3295749644288395 -0.05289918378134972 -1.4539839817898113 -0.5929870739050509 1.3311119115577537 -0.1720258625129123 0.25566744587626733 1.395047023405589 1.172671119805437 -0.10897446980526615 -1.5352141591200925 -0.7157691951780363 1.5492061320403958 1.3590446592024579 -0.5263748081187942 -1.893128402529713 0.26971920320214426 
-0.7577335104673519 -0.10032102426382439 0.6876692036004441 1.3295749644288395 -1.1631579212194283 1.4158694910686478 0.8339707864660424 1.1878797594253414 0.7823941794174072 1.3763254044818187 1.2239034037252958 -1.507204147643574 0.20451230165486045 1.0297919211767574 1.7487008697473345 -0.2065107282304246 1.62652888568488 1.400854464109491 0.36939108371666585 -0.7365791792179484 
-0.7577335104673519 -0.10032102426382439 0.6876692036004441 1.3295749644288395 -1.28591221818562 -1.2996274337196665 -0.7172610185570791 -1.8157972563954008 -1.5091369400835308 0.6944164546572855 -1.7496679146038527 1.715880014710053 -1.6187050592027004 -0.786586558798605 -1.4753295540291922 -1.1860003976047402 -0.5508678420662849 1.1153403724426836 1.994430936487555 0.38537563785403206 
-1.28591221818562 -1.2996274337196665 -0.7172610185570791 -1.8157972563954008 -0.9281839231576461 0.20593342206589949 -1.6697122013218606 1.9999571313023736 0.9200767850201057 -0.9155947833213776 1.123418329198668 -0.8426847665065829 1.03977105455807 -1.8122369008857668 1.2793113850063067 -1.1815106453250905 -0.2283794171480329 -0.5369259842112908 -0.6778362485236618 -1.8933626318850258 
1.03977105455807 -1.8122369008857668 1.2793113850063067 -1.1815106453250905 1.1837777035992278 -1.1668150700893816 -0.21467534054741444 -0.8673565646298522 -0.47046521928864005 0.06815094165788338 1.2701515662562843 1.2743500946066741 0.25039499534209986 -0.2396502403482872 -0.0977072932203642 1.1379830851682544 1.9011539180340993 -1.7565342035269915 1.5005208251846551 1.6699573609070613 
1.9442952729701557 1.74480871660574 -1.5524116608484926 1.3175703079240466 0.5251350346404751 1.2190180637318382 -0.775273691368954 -1.5228810308853258 -0.266797453226729 -1.7122978696678 -0.42455037731971945 0.5174740877358146 -1.7862204952187763 -0.6898526098953859 0.11655935418331698 -0.700427414600616 -0.501184506454742 1.3553078332567043 0.9823782241086434 -1.4373033170131353 
0.5251350346404751 1.2190180637318382 -0.775273691368954 -1.5228810308853258 -0.052814590440995346 1.3846300759728383 -0.512052030729409 1.8663410416950765 -1.1125652689732624 -0.007501169390385254 -0.34224210097136787 0.5673000190126665 -0.7390963927368248 0.7109508886447684 -1.6967308219102102 -1.0740721073521828 1.58359963454666 -0.15214202750842976 1.4357958410160312 1.817788570429752 
-1.1125652689732624 -0.007501169390385254 -0.34224210097136787 0.5673000190126665 -1.4375249461717923 0.9111141107068841 -1.5949772452481494 1.6218386025725215 1.1062630683843682 0.8583530078269366 -1.8831782735981228 -1.4230684305262913 0.9049369381860242 -0.6287435073839616 0.6910663145036273 1.7831768071792862 -1.3403001174739244 -0.12976171451359786 -0.008008153040164778 -0.355707042470522 
-1.1125652689732624 -0.007501169390385254 -0.34224210097136787 0.5673000190126665 -0.5688875248740888 1.8038740147404524 -0.40614890927939973 -0.8987668442709786 -1.4550213140366246 0.46093295597704875 1.0704207078811585 0.5971312014234051 0.5463736619728508 -1.2636530824271754 1.6738994827323643 0.3221808349920696 -0.07902616995820244 -1.6658944954922426 -1.252982252901063 -1.2251347874350835 
-0.5688875248740888 1.8038740147404524 -0.40614890927939973 -0.8987668442709786 1.8193334396891787 0.3041148343510387 -1.1017258343110337 0.7648372346903987 1.237355346525424 1.449719640830807 0.18874691828265577 -1.886532830423782 -0.33712989496634593 0.0414768752554342 -1.2455535346555244 1.4258364467124043 1.2133670891865203 -1.1394601967434905 -0.3813960573879931 0.42774211810678464 
-0.33712989496634593 0.0414768752554342 -1.2455535346555244 1.4258364467124043 0.5628138968013636 -1.7882768031420873 -1.016525325616524 -1.931586813631505 0.9895247276792785 0.793428455548391 1.6917299128020833 -1.0489569383481943 0.6656112262227665 1.8884910213789814 -1.296812159282795 0.9930693480203363 0.4165766255223433 -0.5711230104083422 -1.3932556507558385 -1.7376655356538393 
-0.33712989496634593 0.0414768752554342 -1.2455535346555244 1.4258364467124043 0.23513819712925565 1.7809216651138833 -1.774077886294716 1.1579820232697355 -1.5174548978132556 0.3058941173412779 0.10489167026791923 0.1589635370970397 1.137177493425583 1.5497963940269899 -1.3854318174272362 -0.7532410792729678 0.9810155667786553 -1.5785060519803582 -1.5838042828458887 -0.14517144151136474 
0.9810155667786553 -1.5785060519803582 -1.5838042828458887 -0.14517144151136474 -0.8485879236807912 -0.7957033416132644 -1.2479882916781309 0.24986691736056388 -1.2113818330060195 -0.21573055362617044 1.6839920562469364 0.44160537767886154 1.2198180858152559 -1.7242675698700882 -1.1277895540133112 0.3778711669820609 1.4647682034306122 0.572914110948239 1.3918773758376566 -1.6867582198041497 
-1.2113818330060195 -0.21573055362617044 1.6839920562469364 0.44160537767886154 -0.4855178442665271 0.5382119015599898 -0.383028561431225 1.9785786052518177 -1.7102735236948767 0.6165827091639464 -1.0772070224574586 1.9852622613276543 0.9488124665424396 -1.2081273738945888 0.2370076442074871 1.5792253102520437 0.3550101613488099 0.05216679353324194 0.3529547533550921 -0.6976669272440503 
-1.2113818330060195 -0.21573055362617044 1.6839920562469364 0.44160537767886154 0.9488145183174606 0.1740631966097146 0.1347966609163218 1.1758258876706447 -1.3272493544339605 -1.7722853088872998 -1.0823803678310608 0.8935277195459035 0.922237640089711 -0.7895725554763398 1.0068801091050772 -1.9881181110634367 -1.631429890586956 1.5281821114529612 -1.548181183991208 1.4827687303587336 
-1.2113818330060195 -0.21573055362617044 1.6839920562469364 0.44160537767886154 -0.3647845210196987 0.955988133825 -0.551857825591068 1.239183771160795 1.0109034643620896 1.8808831258557879 -0.24096995880685146 -1.722605223243789 -0.3758301913345732 0.3050355857589526 -0.7317800805629857 -1.0803776227672772 -0.3434257925466828 1.3716653115087887 1.9203275460372735 0.8132084695355233 
-1.2113818330060195 -0.21573055362617044 1.6839920562469364 0.44160537767886154 1.087767800529876 0.4137402729559865 -1.8232336687611879 1.9298482575736906 -1.9282011340595049 -0.623923632608046 -0.4192102827227706 1.4871569009535994 0.9414279211672723 1.7794077900194418 -0.4567949925529464 0.8823908546002133 0.2418116124087164 1.1449130434368624 0.026045203672272255 -1.3897043111041345 
-1.2113818330060195 -0.21573055362617044 1.6839920562469364 0.44160537767886154 0.5839779464728085 -0.9997705223681823 -1.4312226144378632 -0.3397093885711322 0.21602635211693588 -1.9881038770168056 -0.4027000573184427 -1.9562988615217396 1.9874675996928355 -1.3391677665126354 1.7657447951038607 -0.09592842249171474 1.6184811830285577 -1.6231452968499824 -1.730798371507566 -1.1352357145978527 
-1.2113818330060195 -0.21573055362617044 1.6839920562469364 0.44160537767886154 0.6041339266974837 -1.788218645958263 0.17785830230557265 -1.55681911623833 1.0883091144374695 0.05592135127245701 0.07072605838317791 -1.0211522477991193 -0.07659694104835424 0.7207695431782204 -1.0873074528874285 1.7097611259047856 0.8641743589222126 1.3826377328687096 -1.1123202973013089 0.6593095086409257 
-1.2113818330060195 -0.21573055362617044 1.6839920562469364 0.44160537767886154 1.471591370667476 -1.8167613500616335 -1.0012074209087194 -0.4959093702942097 0.5047728991676084 0.6453275079963197 -1.3229830045620434 -0.5396603218012213 -0.49794463960882407 -0.08939998266806937 -1.842636565400622 -1.4189241055802588 1.5965902947052864 0.9106938268352796 1.2240573969962623 -1.8111319015038259 
-1.2113818330060195 -0.21573055362617044 1.6839920562469364 0.44160537767886154 1.0378725741889006 -0.5965004228934951 -0.6076597599472584 -1.778899923381649 1.0314783655265138 -1.6746120921920506 -1.3288784007400567 1.7648806937703192 -1.7631819421965482 1.21624668884263 1.2540342558671984 1.9256881810174447 0.24430296924119288 1.0220949618131185 1.5404574818047925 -1.1923224790459956 
-1.2113818330060195 -0.21573055362617044 1.6839920562469364 0.44160537767886154 0.5465262627321152 -1.5306053814171543 -0.8906189959178192 -1.7744538589331524 -0.9619065620570328 -1.1770641978451262 -1.9205027419741523 -0.3968187719663594 1.8859796502964166 -0.885443786766972 -0.873547899258643 0.15140770088989441 -1.6169005258516123 -1.0981320626268598 -0.2869083366589136 -0.6902823943094076 
-1.2113818330060195 -0.21573055362617044 1.6839920562469364 0.44160537767886154 1.276346234410982 1.919664942915102 -0.1142903671358746 -1.032619648858212 0.5138871951809643 -1.2307994769094828 -0.1522556902122716 -0.5078850419361736 0.2490658760882858 -1.5870140007193632 1.0171808209473419 -1.879931785903402 -0.626501945471535 -0.6079197788056745 -1.9319747895781418 1.6967206566158706 
-1.2113818330060195 -0.21573055362617044 1.6839920562469364 0.44160537767886154 -1.7122276863362993 0.7710982499701817 1.3649362565246839 -0.03728442521767672 0.05109918926764134 -1.3130446292840565 -0.5768911236995407 -1.940540920808464 -0.37312815744459815 1.0199263504707097 1.0754150177268098 -0.21754238268592951 0.7701309570211823 0.4518352890135482 -0.5595028723925863 1.3518579593869493 
-1.2113818330060195 -0.21573055362617044 1.6839920562469364 0.44160537767886154 0.7602234266658718 0.7447212211651477 -1.7039693893948513 0.3318524229485562 -0.15258514261370326 -1.739693455961112 -1.8440511188540798 0.855552604714048 -0.07057339669151919 -0.1981966587217454 -0.7176609966838767 -0.7248960659881587 1.0825434100667728 0.8281907610506609 -1.8378640167046987 -0.06680814665398938 
-1.2113818330060195 -0.21573055362617044 1.6839920562469364 0.44160537767886154 -1.8355391542908577 -0.053086639575352645 -1.7278905749963616 -0.3715772706333351 1.036276613470513 0.4717114861808489 -0.766686044723579 -1.6691023719478446 0.6354520798870431 1.5911259932334905 -1.3595155052783778 1.3284214841229645 -0.8371342510908315 -0.12266293261465666 1.8475613248965588 0.7812957260584685 
-1.2113818330060195 -0.21573055362617044 1.6839920562469364 0.44160537767886154 0.5478455916118969 -1.4367253930916628 1.4864195840409637 1.841215684790273 0.3704738842960156 -1.6516443608514892 -0.1413338086894771 -0.25822270319604845 1.3867682680825708 -1.7643476567619167 1.9796999161884274 -1.917619802603736 -0.03740505440022934 -1.115484736615831 -1.4683543751281816 0.6122369661898377 
-1.2113818330060195 -0.21573055362617044 1.6839920562469364 0.44160537767886154 0.13187808959347525 -0.37820592314922186 -1.6085588129263524 0.4141632385020846 -1.3175081597666822 1.3761348225460468 1.5772150214240281 1.5633122676159084 0.9708250030524224 1.4874158747531814 -0.9258480268069191 1.1419882670333785 0.8653914459905558 0.8017649671802354 0.040051316529215786 -1.0650060123900502 
-1.3175081597666822 1.3761348225460468 1.5772150214240281 1.5633122676159084 -1.88813011021435 -1.1104982405836803 1.66573688025013 1.1683688223724111 -1.4658616548707348 -0.737535834066263 -0.37798852752175094 0.11914350488582404 -1.7829764341827947 1.9952756406837944 -1.3153920336492089 0.442003008052648 1.638970434162549 1.2047859223336004 -0.8988404099762826 -1.1447064181080187 
-1.88813011021435 -1.1104982405836803 1.66573688025013 1.1683688223724111 -0.19411043868018663 0.2601945744026466 0.10889714677421747 0.3268085810279522 -0.8063571540466823 1.0461116972208462 0.24113679241728336 1.2197287348551176 -0.37809702405409773 1.6345302858792357 -1.0717414980313165 0.60520887464165 -0.8934956770289109 -0.19562350164034026 0.5568894304932872 1.2936313218448126 
-0.19411043868018663 0.2601945744026466 0.10889714677421747 0.3268085810279522 -0.33528443413360254 0.4280023556141872 -0.7038834172857302 -1.7558192869312816 0.23287918946983543 0.4343520737531481 -0.1650638431080469 0.7131747120935517 -0.9117709151371471 -1.4977376726238667 0.6423084044595613 -0.2571006384390122 -1.493218394709098 -1.7195398296724407 0.8916066317290925 -0.771503537482856 
0.23287918946983543 0.4343520737531481 -0.1650638431080469 0.7131747120935517 -1.0259743063896662 1.924429046182139 -1.516604524794626 0.19845817301397517 -0.5138810780718965 -1.7238218155019394 1.378310311966072 -1.3088719085443419 1.0917939019627183 0.3006528408805602 0.46971397930898595 -1.598064772252524 -1.5774471648060286 0.7448955316791719 1.6144768077202905 0.454914994452714 
-1.5774471648060286 0.7448955316791719 1.6144768077202905 0.454914994452714 1.5011494252423607 1.804347590978185 0.6037297768585561 -0.6445090622453611 0.08529047353855868 -0.1819821553469967 1.5825550508804693 0.7940034056782364 -0.1317047210501059 -0.19366649778493494 1.194043101471408 -1.9218571399379263 -0.1660696203920473 1.498072448370567 0.7819223704265257 0.6114511118197172 
-0.1317047210501059 -0.19366649778493494 1.194043101471408 -1.9218571399379263 -0.7336551808319816 -1.9040862989191742 -1.3145444510121322 0.04063869557513389 1.4833477240611526 -1.0027926586122633 -1.7661300715235955 1.2189643728480055 0.050868695012299625 1.0422771662695158 -0.6203488014911263 -1.589831151491624 -0.0446984617635624 1.6643075058607377 0.8924585869604966 1.5967667860360266 
0.7322689486206313 0.6710480518046409 -1.3813684261945922 0.6496214003890977 0.45214915521556387 1.6317965687692277 0.7593291057142415 1.2224098780557622 -1.7006870937154033 -0.00965396194571122 1.4080243301272657 -0.9840793094644202 -1.708919932529998 0.9867001588934197 0.4341205003700721 -0.007635867787425088 -0.5242735191526 -1.7524773274315 -1.9902596086294086 -1.5674840898910265 
-1.7006870937154033 -0.00965396194571122 1.4080243301272657 -0.9840793094644202 -0.364902297324996 -0.7146952347611242 -0.6271035593225536 -1.0564608764537997 -0.8953965453892603 -0.7090519221230553 -1.710322827550263 1.0524337009131233 1.4012143527935552 -1.558891141270625 0.2552574968319399 1.108403739829535 -0.3739366027588984 -1.9647012058171094 1.935494540865164 1.039177841337556 
-1.7006870937154033 -0.00965396194571122 1.4080243301272657 -0.9840793094644202 -0.3124095188620468 -1.7333713434363167 0.3570037467564213 -1.765912165720665 -1.3218378746331143 0.856035768519221 -0.2844363407127757 0.22644275815474746 1.8433845503009567 -0.61149669019541 -0.834810175067545 0.14452626247638234 -1.7162808083272396 0.9343521665063736 -0.8699846778438505 1.0102928078929878 
-1.7006870937154033 -0.00965396194571122 1.4080243301272657 -0.9840793094644202 0.16025439202516445 1.25127588562448 -1.0114849891892859 -1.374527595707844 -1.6328700819819986 -0.36777506808789395 1.2604464827721915 0.4770892683495722 1.546292452945743 -0.16357680168303323 0.6610263370535954 -1.0761345969377207 -0.9245013424205424 -0.4422089775973399 -0.43666097554383 -1.4806107490190712 
-1.7006870937154033 -0.00965396194571122 1.4080243301272657 -0.9840793094644202 0.22099634384670752 1.301320758250316 -1.733021885736958 1.3361819623090687 0.8357832669433436 -0.5833282596206724 0.3419675026062876 1.712405939934495 -1.8732664157103311 1.666442184400478 -0.4001435328824563 -1.1576837305455046 -1.5657976192551586 1.3334923017966105 -0.07746435149881226 -1.410474875306944 
-1.7006870937154033 -0.00965396194571122 1.4080243301272657 -0.9840793094644202 0.059304925801269004 0.06877741273523563 1.9941042507196323 -1.6595354243289586 -1.995485892583356 -1.5464489945121227 1.0944253574870961 1.7384349386150744 0.9246959931005097 -0.8567337153027315 0.8868846256399201 -1.5464255487101073 1.0314488960007502 -0.47855862361370116 -0.4066755098191406 -1.2792862542587025 
0.059304925801269004 0.06877741273523563 1.9941042507196323 -1.6595354243289586 0.6300066687595662 -0.7275961045297983 0.8647739395097602 -0.25136180535453123 -0.3338350929941498 0.1521808940336924 1.0667429604806395 -1.9305950201514075 1.177634687188799 1.0476355777597268 -1.8222102041025647 1.5469848406968527 -0.4657816982290468 -0.5355368405078389 -1.1609534849974925 0.17980989737810793 
0.6300066687595662 -0.7275961045297983 0.8647739395097602 -0.25136180535453123 -0.00851965013187117 -1.1958160477586461 1.2698944890110542 -0.3107667973131196 0.3034198365697436 -0.9910592220037469 1.5458994703968738 1.8442129372446217 0.6766550254313244 0.9352103267297238 1.0536144971574948 1.6716681790145946 -0.47701151998006397 -1.5879227346050686 -0.36788803698786143 0.5851818333012142 
0.6300066687595662 -0.7275961045297983 0.8647739395097602 -0.25136180535453123 1.0157545282904885 -1.1249113165122386 -1.436285025830827 0.5466158169464408 1.3765441324235677 -1.4651319978143547 -0.22426944978570695 1.4573324721043521 -1.1012502225497633 1.4412887026941523 0.5661756039182277 1.137499052165671 -1.982329156868409 -1.5752143779407488 0.41273286445776236 1.5617917946231823 
-1.982329156868409 -1.5752143779407488 0.41273286445776236 1.5617917946231823 0.16287471522828545 -0.5975902552547745 0.5406449361236514 0.29028436370822064 1.183014793318454 -0.27193257008268734 1.0284987571752957 -0.3881328342705972 -1.546651614882634 -0.3124762296413688 -1.895408932834913 -0.8405035714207671 1.911036823550821 1.939190879598483 -1.076160564329164 -1.1391577322261797 
0.16287471522828545 -0.5975902552547745 0.5406449361236514 0.29028436370822064 1.1791181300419065 0.3842084234043428 -0.15056174166374614 -1.968929378774944 0.7163374854959406 0.30984724042831857 0.8627663028430237 1.1784321889082983 -1.9526712083234976 -0.5915357078140837 0.37597773305235194 -1.0552303582564941 1.017528182775755 -0.6316509807578812 1.0798508929598736 1.8116049614018883 
-1.1161162679518668 -1.531269589329744 -1.1607760149432562 0.28905280614288476 0.24786817194434363 -0.41987385126709675 1.9580192236461875 0.3993524144902163 0.0162997302608634 0.8254352167399777 0.8240433905503428 0.2642635251304837 -1.5053899131703976 1.2946116882181307 -0.3463275522239786 0.44783774083413785 -1.1634191328214674 1.2709853558136643 -1.1799023254526895 1.958175801827608 
-1.1161162679518668 -1.531269589329744 -1.1607760149432562 0.28905280614288476 0.7072468470293702 0.7940620149502089 0.635840226883853 0.6084352251994227 -0.22817180411132032 -0.13446382427523007 1.997918810252267 0.5051559366351692 -1.9081569018399578 0.9109363105210622 -0.30755592931955666 0.9532652062779863 -1.5656883707238491 0.3759764758998969 -1.1234939557472323 0.6355527269776764 
-1.9081569018399578 0.9109363105210622 -0.30755592931955666 0.9532652062779863 -1.2864247134917859 1.9201584394974334 0.8866247818258541 0.7618715030855912 0.4853713300969438 -0.41673840488887226 -1.2157140996987383 0.4531930926307921 -1.4637236063142374 -0.24098953689345626 -1.3347553704003197 -1.5942766558706003 -1.8426743864224013 1.7821659664059144 -0.12779425520042365 -1.991104618938588 
-1.2864247134917859 1.9201584394974334 0.8866247818258541 0.7618715030855912 1.366300095053493 1.8917234641453442 -1.7831595818265091 1.1537479744332146 -1.2932389101244217 1.3430412637795288 0.2755164958615399 -1.2463673267307755 -1.2167925323454019 0.9247267254039562 -0.8629343290805456 0.2320646323734219 1.4791047917801912 -1.548894444545744 0.2070234637385977 1.9009412109157977 
-1.2167925323454019 0.9247267254039562 -0.8629343290805456 0.2320646323734219 -1.139224170205528 -0.09620772475106953 1.2257638541830405 -0.7633638685189097 0.5730886846865642 0.2861385273414805 1.1378975202777193 -0.346556483753484 -1.5925134463880308 1.1379161887956246 0.7918511961676633 -1.268879654097962 1.6296466439256676 1.97784389501708 -0.359585553559711 -1.0891606374472365 
-1.139224170205528 -0.09620772475106953 1.2257638541830405 -0.7633638685189097 1.202652970137891 -1.4229789978125629 1.2272745569286485 -1.8013847612912297 -0.10924330756657064 1.9199934578874691 0.621437413418994 -1.1713237186098597 1.8608583709883346 0.975839766099551 -0.3769386908709702 1.8101304678453207 -1.070620246091786 0.7004941744960829 -0.43117057998564423 1.1304103944340058 
-1.139224170205528 -0.09620772475106953 1.2257638541830405 -0.7633638685189097 0.9417977270544164 1.120885599811054 0.7970172919491465 -0.7458577176961652 -0.6589697418434284 1.7647869840645174 -1.3969565385348783 1.5234367691342285 1.9993390476428754 -1.6408354985674238 0.29050502100644593 -0.1442760817070332 1.9852190553097917 -0.6267242746867616 -1.32355534769783 0.891210522816666 
-0.6589697418434284 1.7647869840645174 -1.3969565385348783 1.5234367691342285 1.7801418583882853 -1.078455676413839 1.2580861698768424 0.29009863792042134 1.010949498395123 0.263726833354355 -1.0092103048578713 -1.9530328248276314 -0.07106973323930355 1.6780507830239975 -0.0024371741852617923 -1.2543650813249827 0.6882553639477966 1.5921612592231842 -1.6994366349180492 -0.6833467106855284 
-0.6589697418434284 1.7647869840645174 -1.3969565385348783 1.5234367691342285 1.71429316756686 -0.7673710812284029 1.2244649260795049 -1.895863305159497 0.12051162709937024 -0.3725325544416478 1.7373617673325934 -1.0924936122253395 -0.17465933757620622 0.7501974942642238 -1.0032185590718723 1.048461811919216 0.31615438115844974 -1.3095860749727604 -1.0858855345903198 -0.8872789128499621 
0.31615438115844974 -1.3095860749727604 -1.0858855345903198 -0.8872789128499621 -1.2733251898662705 1.8063262485125575 1.7194145851619185 -1.9554753809016021 1.9700919781195312 -0.4126926929547565 0.06688922176946965 1.926038755488387 0.6007326244051532 1.3228397005433141 1.8789589134217506 1.1611684978291197 -0.8227168491971026 1.686105860577126 -1.8846147752794855 0.7314705966816728 
0.31615438115844974 -1.3095860749727604 -1.0858855345903198 -0.8872789128499621 -0.3681953717705495 -0.98564217004806 -1.0911586235287531 1.9500425406614852 -1.0278721557290758 -1.1051910503439228 0.5616644391563828 -1.5330844028759407 -0.24673871577030093 0.6491045045246415 0.9333415469716955 -0.9069880298162496 -0.7676943146021475 0.33059406836598226 1.092579567713749 0.8823488562291608 
-0.7676943146021475 0.33059406836598226 1.092579567713749 0.8823488562291608 1.2560604632262282 -1.112234110284641 -0.1496161488560106 1.3818904955064175 -0.6471511802469969 0.7574475164499015 -1.1663032892187482 -0.20067046207598427 -0.9266612617654353 0.6712905597653869 -1.4681987110261296 -0.2738628811598236 0.834954032663028 -1.671313604368537 -1.6079947532769219 -0.9697676284937384 
-0.7676943146021475 0.33059406836598226 1.092579567713749 0.8823488562291608 0.10877001960971588 1.2998993373824925 -0.03352757244272686 1.330654230199892 1.137408223728313 0.3364716517544255 -0.05311719561013861 1.6820904816881468 -1.4068732975489708 -0.8483117757723124 1.4124537794329988 1.5774236442520309 -0.3873603823085028 -1.3259397521258434 1.0385292440052316 -1.8988452678775531 
-0.7676943146021475 0.33059406836598226 1.092579567713749 0.8823488562291608 0.5155017658617451 -1.5133883361583984 1.913472995986841 1.763558332194707 1.327960278823563 0.1959344197631241 0.8092848395369487 1.8209098200130747 0.5278946900986474 1.535694900114183 1.037852356291563 0.15004888435525165 1.4642966963973372 1.1268073299613723 1.586487829175927 -0.066425663078447 
-0.7676943146021475 0.33059406836598226 1.092579567713749 0.8823488562291608 1.1840713154109945 -1.5411301749351245 -0.16751110897827726 -1.8367911280431732 -1.0943259906365927 0.7840817720853765 -1.7865204078608787 1.4268945362139003 0.5688551348067206 0.43445909581200803 -0.41435528746871686 -0.71665450075011 -0.6917680394737169 -0.4559199353820489 1.574616931732352 -0.4018189927702962 
-0.7676943146021475 0.33059406836598226 1.092579567713749 0.8823488562291608 0.24106260564220205 -0.1452607210511636 -0.8146006774355454 -0.04515196824249168 1.5275477616562796 0.8088061181686337 -1.7887438993743854 -0.2339584694769914 -0.2340458480518448 1.1183245385272338 -1.7088563540388146 -0.7633350579529052 -1.9250457124725449 1.2740928016657667 0.9664524694567969 0.03673902287258635 
-0.7676943146021475 0.33059406836598226 1.092579567713749 0.8823488562291608 0.2774253148133843 -1.4164094137310244 -0.7781409211251322 -1.3705348399764605 -1.2286322118843112 -1.1465921302917477 0.7186332352888072 1.388646565806035 -0.940259960591157 1.9521021421217433 -1.828005905741957 1.9675356971830316 -1.7636091856666494 0.17165077077778257 -0.33214012375992175 -0.44669427216085067 
-0.7676943146021475 0.33059406836598226 1.092579567713749 0.8823488562291608 -1.3451759874261389 1.6670221455302756 -1.8497549625699814 -0.9065397996443223 -0.7168310584027537 0.5848070495787265 1.7217062871605258 0.4134334492492817 -1.41029071360968 0.6821323548122415 1.9008765948871993 1.8270765909752713 1.2750989903007852 1.286407460725457 -0.859499222813839 0.5863861628616229 
-0.7676943146021475 0.33059406836598226 1.092579567713749 0.8823488562291608 0.08110367046805944 -0.371843472499402 1.8448388602659134 -0.8823341057838912 1.8552832060763138 1.755036155002466 -1.2226939518230666 -0.8149831397352849 1.1184505787519705 0.04310441182939462 1.186682023287653 -1.310900044882668 1.3968913392530062 1.6363580146166128 1.5001269121536538 -0.48176191983183303 
1.1184505787519705 0.04310441182939462 1.186682023287653 -1.310900044882668 -0.7953374881068225 -1.6023006102440416 -0.8963239068988145 0.43786550995975615 -1.5841656538676347 1.2574438397786976 1.441442356193925 1.5669330321104393 -1.9796199453374488 -1.0981209649665522 1.902955684661971 -0.34632845775169896 -0.2162236813075178 1.654378165380502 0.6390788561898719 -1.8341547695898148 
1.1184505787519705 0.04310441182939462 1.186682023287653 -1.310900044882668 -0.31442316538760773 0.48828476085473005 -1.0467901280854068 -1.1806939883965084 0.6685124629023318 -0.9519467390218561 0.7327548857008241 1.243414660226951 0.346426912580752 -1.7626233293308058 0.35605561083261295 -1.4659463312959917 0.9646235513267016 -1.9490480118734341 -0.23556288762204725 -1.3201719096692166 
0.6685124629023318 -0.9519467390218561 0.7327548857008241 1.243414660226951 0.3616010937412808 -0.14320218900902004 -0.5328193238771104 1.204635498258133 1.1098023022922292 0.9806147325947228 1.8102015324185432 -1.5165031685495247 0.9803485752650918 1.8539421719530877 1.9467989070391405 -1.6224899362376521 -0.5433939856008005 0.2911224302466153 0.7828949259370317 -1.2260431381378636 
-0.5433939856008005 0.2911224302466153 0.7828949259370317 -1.2260431381378636 -1.5227789154554596 0.0580844524158497 -1.8010882017833882 -1.1482187130036046 -1.0633815579275034 0.44052444501698274 -0.27460681780994056 1.5085002905567988 0.18473410957318803 1.8961628749840935 0.10731575777071933 1.6074973043340068 0.25937231959708296 0.3318671770818842 0.738084165638472 -0.3059632708756195 
-0.5433939856008005 0.2911224302466153 0.7828949259370317 -1.2260431381378636 -0.3487817777539526 1.8243712048757943 1.1409644899807168 -1.339831288979609 -1.199717373431803 -0.7276505528158115 -0.9400183522979444 1.5421760989918538 -0.15157260453683952 0.14412101160828872 -1.9701322217225377 -0.5575047350177846 -1.396482069489418 0.25683033398836796 -0.9686558175733926 -1.685801854416043 
-0.5433939856008005 0.2911224302466153 0.7828949259370317 -1.2260431381378636 -1.5626675966187857 -0.21718461330451255 1.0203564034384027 -1.5237221996114938 -0.04772712223825204 0.7837020370490326 -0.7733819485881068 1.1131626103134686 -0.6368860964865384 1.180831871704203 -1.6194364825177208 -1.6515910828740243 -0.22199288789585392 0.04895954887832632 -1.7917310773302355 -0.5549306047244023 
-0.04772712223825204 0.7837020370490326 -0.7733819485881068 1.1131626103134686 -0.32986823918949204 0.8268702343170711 -0.041084500434170224 -0.0628615982626668 -1.9071045724676319 -1.5113577843545505 0.19486079517448118 0.6692220544870646 -1.0283556182052296 1.6279103918597455 -0.2646188900428026 0.3500884684120753 0.3100719179255358 -0.45043331333569325 0.38658481826711544 1.742374373320824 
-0.04772712223825204 0.7837020370490326 -0.7733819485881068 1.1131626103134686 0.8665954516239416 -0.33398943161942274 0.03370228043426904 -1.7495576434254576 -1.7184415955113135 1.4043633976336554 1.269331885937965 1.0050596412268842 0.2950533550739123 -0.08194854709753852 -0.23600095319515546 -0.6915224131814166 0.15854182520024596 -1.556654662654739 1.3570119602411808 0.7506242716817773 
-1.7388347409105935 1.1892374795662999 -0.7552810652410256 -0.8855071588248911 -0.3675961905798273 0.010699451918872782 0.680122453188936 1.6206709551630958 -0.6016192020287923 0.9230181362156684 -1.953541090473578 1.7422083943256346 -0.8042762372824543 -1.0148735497015693 1.471577969519518 0.1273835269311845 -1.3802537830895316 1.013695910080878 0.05601496029323938 0.8709463788090024 
-0.8042762372824543 -1.0148735497015693 1.471577969519518 0.1273835269311845 -1.1529632798344958 1.4206306732200389 1.1636155167983806 -0.42766825360862804 0.4765472544835716 -0.559250597160664 -1.1952731370186758 0.9797263859053675 -1.7310194576430056 0.38833265868437294 0.2698609125562643 -1.8235223421822568 0.6785335169306617 -0.8663341822015957 -1.197472647188245 -1.1720959570775635 
-0.8042762372824543 -1.0148735497015693 1.471577969519518 0.1273835269311845 -1.8090098093304379 0.2865928969979885 1.7696892569438951 1.4071490476160933 -0.9313470044878218 -1.7139581517579972 1.5886994443625726 0.6434963690099487 1.944338681220105 -1.756294045691817 -0.5041374883946572 -0.36209223197788765 -0.8782246013581214 -1.284854669216751 0.6897687703741897 1.2490089979278172 
-1.8090098093304379 0.2865928969979885 1.7696892569438951 1.4071490476160933 -0.4219714105669037 0.16722417783385524 -1.8637621283718135 -0.8066356687272358 -0.2024794501656375 -1.4364069210979 1.1569740121804166 -1.6462105768778308 -0.19415935533083983 0.9437290122306026 0.27732714080716203 -1.2160832324080895 1.662018917498656 -1.7142884698139937 1.3354737675249182 -1.0078370551846918 
-1.8090098093304379 0.2865928969979885 1.7696892569438951 1.4071490476160933 -1.5362970828793343 -0.7876340312960091 1.77295942662453 -1.9197389780874303 1.4398393292223561 1.3901632030856885 -1.3403019833999195 0.04201191884016886 0.1497056672367547 -1.0169700794001137 -1.2313237590619321 1.755546524183997 -0.3482065416882718 -1.9214025377461441 -0.7453934442993853 -0.7935866404999343 
-1.8090098093304379 0.2865928969979885 1.7696892569438951 1.4071490476160933 -1.279672160427228 -0.7283016353776701 0.27357961362033567 1.1632078666150996 0.45400546619475346 1.2532134161704942 0.8475660420472546 -1.3559899325037192 -1.631960362982682 0.5387325018159159 0.02920103485044523 -0.48662923647717005 -0.29311097917425677 -0.11347308058202366 -0.0038605200079824264 -1.9567172776005726 
-1.8090098093304379 0.2865928969979885 1.7696892569438951 1.4071490476160933 1.464386167209264 1.4885513819432732 1.488620127743547 1.617800894457647 -1.839325962032957 -1.402183708894142 0.12906119377561343 -1.8013345634552946 -1.1647853877765533 1.614730253868435 0.3986197340369739 0.38170549143752597 -1.2627226737835162 -0.06501409856600437 1.7795453870595255 -0.997875339028166 
-1.2627226737835162 -0.06501409856600437 1.7795453870595255 -0.997875339028166 0.003930211094686609 0.6571730335134047 1.207377147258685 0.6013608707928966 -1.4918881736248935 -1.241076368758692 -1.4446189445640605 -0.8577076963452837 -1.0696263978750733 0.3266068684717425 1.874828226265842 1.4978074967429422 -0.31902998320809006 -0.1374641225541633 1.331147266060284 -0.8545114293622333 
-1.2627226737835162 -0.06501409856600437 1.7795453870595255 -0.997875339028166 1.0758285595138388 -0.4410096755724813 -0.7856839208579212 -0.3172995120707367 -1.520330373410582 -1.4234882718259025 -0.8984910649994879 1.1678737848498546 -1.560687700627485 1.7058223956776688 -1.1845022854936067 -0.6468083557613253 1.491959527651335 -0.9467867248686441 0.9856553414585312 -1.3859544358891114 
-1.2627226737835162 -0.06501409856600437 1.7795453870595255 -0.997875339028166 -0.6427468081273267 0.6981923082791641 1.3056175817682365 -0.37627826595934843 0.04981795061030381 -1.472905260996689 0.31896764736569994 0.16598814310648535 0.1620594839797591 -0.0306676164802 1.2256374857866117 1.4599425348413644 -0.5727250948070295 1.8361806508253644 1.1436002513716503 -1.47217775993269 
-1.2627226737835162 -0.06501409856600437 1.7795453870595255 -0.997875339028166 0.299493386405155 -0.010622203339301084 1.800052156668281 -0.7711969653499859 -1.405203481443472 -1.6308502306590364 0.8489695087955331 1.3054732621601288 -1.2322590224535768 -1.3754747171798227 0.8551922681353572 -1.1038982184963282 -1.9525903171079402 0.42813987065429737 -0.8459220707696482 -1.9361504436653405 
-1.2627226737835162 -0.06501409856600437 1.7795453870595255 -0.997875339028166 -1.8895370370941218 -0.4702998816539954 0.3500394949258254 -1.2649625072189297 1.98986028189606 -0.8204218155188063 -0.1775967621289367 0.07031200144067817 -1.2873895158151876 -0.98653048974171 0.5506794711855085 1.9915588294876385 -0.3673698701970469 -1.6488089889466497 -0.9770690020316359 0.8415730747919801 
-1.2627226737835162 -0.06501409856600437 1.7795453870595255 -0.997875339028166 -1.3935209254389305 0.012097450596699755 1.3766136774402131 1.6238504365162831 0.07127417344700993 0.09950018997079368 0.4361727100422246 -1.3961264805368274 -0.42262559209269934 -1.3020929496004814 -0.5009968704640944 -0.09552219665837036 1.3251613278601675 1.531350236564632 -0.5157856108566912 -0.29847300411868183 
-1.2627226737835162 -0.06501409856600437 1.7795453870595255 -0.997875339028166 0.38161390264945627 1.3658083317946148 -0.7501217380693515 -1.2297911968739554 -1.3676127253236756 0.6350740975754023 -1.4187995324697469 -0.22240019162038038 0.6795388876645427 1.1950823883256585 1.0021781685770765 -1.4850945879575765 -0.5818526404509008 -0.7931112371354008 -0.5366233374771876 -0.8189130630218866 
-1.2627226737835162 -0.06501409856600437 1.7795453870595255 -0.997875339028166 -1.8359248701967488 1.79689822955571 -0.4564312168762239 -0.30462780980145476 1.4336884367866505 -1.2024710425572076 -0.31528900541390836 0.6047934222216531 1.9848889877630485 -0.5295034221223331 1.8379324522470903 0.8559906926505767 0.8764737889108796 -1.9692238917055613 1.2077010240131214 0.8878332643962943 
-1.2627226737835162 -0.06501409856600437 1.7795453870595255 -0.997875339028166 0.14473885223006056 -1.6903457772253678 1.3310992384551796 -0.3143178280375398 0.19106355898337535 0.7311412747925456 -0.2903589027847291 1.3472586693804005 0.31242483579607905 1.484960781629474 0.4138809722031125 0.9941101226888649 -1.8928898291128071 1.7625174185531098 -1.7701311359019436 -1.698531247251735 
0.19106355898337535 0.7311412747925456 -0.2903589027847291 1.3472586693804005 -1.8590525772792525 -0.12707715789297191 1.1659537308670433 -0.5078342271875633 -1.6601915444242126 -1.2328790712733362 -0.990647068404245 0.07171911419801047 1.2247750907140942 1.29304143508099 0.04252761447678344 1.8068669729303841 -1.4928643129220807 1.6421868598600033 -0.33560108448054704 1.0646996735001348 
-1.4928643129220807 1.6421868598600033 -0.33560108448054704 1.0646996735001348 0.3727748801753017 0.6036896160100818 -0.646177733451148 1.769830367922364 -1.8368360020156613 1.2291515354431417 1.2330798367905094 -1.3516186842926174 -1.9854834301566067 1.5989443990242695 1.2146837159520842 0.5324301764819612 1.361349238900265 1.2654134225557407 1.0210727317860666 -0.0367249591743124 
-1.8368360020156613 1.2291515354431417 1.2330798367905094 -1.3516186842926174 1.6617745643877067 1.4321017461001029 -1.1589981633799225 1.460980541044119 0.984146094027655 -0.8577787449157075 -1.0026171074012207 -1.8308229448218594 1.8284354658043016 0.8201498964311336 1.7147381402237998 -1.7567829010145468 -1.8079653165388803 1.731811227475132 -1.304165450371399 -0.057269709083691556 
-1.8368360020156613 1.2291515354431417 1.2330798367905094 -1.3516186842926174 -1.3108358494556587 1.2626186197581006 -0.6116496590892133 0.22867861677569046 -1.7267690165568523 1.4408156459076906 -1.2564647339924249 0.053386660934859 -0.07847491233716886 -1.883205606899795 0.30893690416415875 -0.5272728592466596 0.9548270506499001 1.215519676923067 1.4537712191432064 1.5152862026006022 
0.6074666656185808 0.12799257960104038 1.4849465376547974 1.0030200450523474 0.13107294550046777 -1.117954569848692 1.640418981920829 -1.9438737935166053 1.7620680104179707 -1.4356359621247825 -1.8800187364931746 1.332481926713713 1.8806991337342462 0.15085862587588528 1.0125972994665018 -1.8221461166031139 -0.9980104146145785 1.6964158683868362 0.7957222004294797 -0.6695610951552258 
0.6074666656185808 0.12799257960104038 1.4849465376547974 1.0030200450523474 0.6151657628130258 0.684872757258641 0.9657703111907918 -0.750786806254601 1.0705880535283754 -0.5031675199337187 0.3389744198329834 1.2294999462025942 -0.2676161065441578 -0.3931706493538023 1.5064046651999603 1.1540374924080874 0.25366954580753953 1.8803589350216332 -1.2036110651207443 1.0765647063414852 
0.6074666656185808 0.12799257960104038 1.4849465376547974 1.0030200450523474 -1.557791991434684 -1.3245852727412872 1.2455002908592463 0.2998927679008694 1.7164533457771913 0.5271697359722647 0.8198400548721931 0.7175227061445635 1.8823403547299766 -0.3056391346489442 -1.2866508040346347 -1.42197274827272 -0.05107229397846336 0.1997480481604561 1.8666276443524668 0.38668922925157956 
-1.557791991434684 -1.3245852727412872 1.2455002908592463 0.2998927679008694 0.5681554474516064 -0.6302782534594469 -1.0034958518387742 0.1482195691101964 -1.4544771937615208 1.3452234414225903 1.0763647935813534 1.2559700017679662 0.9876955044766187 1.9838142850323757 -1.8536582526788652 -0.5741555998825874 0.7129800751792605 0.8875043263639122 0.22402482459283224 -0.7280442104209315 
0.5681554474516064 -0.6302782534594469 -1.0034958518387742 0.1482195691101964 1.165500433671605 -0.3957763132716394 0.07579227023719382 -1.6719533881941508 -0.32417427246104635 1.9215137135213172 -1.2282631570803169 0.7096047407216415 -1.8509489190990833 -0.309640013794076 -0.15431602088326146 -1.612726829692178 -1.7376340847529042 1.9993290216820219 0.37736841931699994 -1.711206690996756 
1.165500433671605 -0.3957763132716394 0.07579227023719382 -1.6719533881941508 0.6345520091048904 -0.16654375535260701 0.9223184619628011 -0.11648392120019979 0.3801897873075273 -1.612748601245737 -0.8549494694632829 0.3478745095413327 0.8902445587377925 1.8936105530075031 -0.8524500787458433 -1.8117676894420578 -1.2357754424976366 1.0470789015037152 0.8219082632611538 1.6679946021523118 
1.165500433671605 -0.3957763132716394 0.07579227023719382 -1.6719533881941508 -0.3815481434742374 0.7429689742833174 1.87900853645244 1.337419148844329 -0.5384426664325113 1.246076257826287 0.6695068818211216 -1.1282027549554585 -0.30870399374485835 -0.5890806374662354 -4.625803224866942E-5 -1.318730519396199 0.2909368536700896 -1.7909745164138515 1.469373198186676 1.474559146299165 
-1.2954114024281589 -0.4815747598080762 -0.32237577336451073 1.460063915661915 0.41343632497537053 0.8417141252170954 -0.4593609756159296 -1.1137376568496316 -0.7834962141874131 0.9082260896187533 -0.22233440209956123 1.9301128723416467 0.5738460304350705 -0.24087055190115647 -1.2021005449533106 0.015096507198173459 -0.31369147843393463 0.6717726945033577 -1.3591054732425842 -0.2963552887497225 
-0.7834962141874131 0.9082260896187533 -0.22233440209956123 1.9301128723416467 -1.8070761769657198 -0.7107225592878281 0.9467073052533106 -1.0835488720231727 1.7738865725752664 -1.6708653123602208 -1.7496025364695678 0.017037079054958326 -0.03155136531566827 1.4274302962072087 -1.9177560822079616 -1.5764947029627963 -1.795720010403254 0.9606231943124839 0.9203949935165565 0.0743848236094129 
-1.8070761769657198 -0.7107225592878281 0.9467073052533106 -1.0835488720231727 -1.2280504205321825 1.8029368700135686 -1.1694456605862507 -0.9865079137679134 0.2321565714653051 -0.47936401013931285 -1.3443078177687529 1.1213153334453638 0.45605782119900296 1.0054431352799025 -0.8062497128271664 -0.6919756099144299 1.4077102069406333 -0.8778985261468999 -1.9173594478822484 -0.7340281208357671 
-1.8070761769657198 -0.7107225592878281 0.9467073052533106 -1.0835488720231727 -1.1009160576202426 -1.8760726251726938 -1.4173510601280261 -0.24814745487433276 0.3143828235265449 -0.03506473926250386 -1.9567385370062076 0.4357862864188875 -0.10515414481018714 0.03665364376330382 -1.725383803903492 -1.5733465438842393 -0.6610059491944611 1.5982269741854895 1.7700468454585692 0.42163307648761883 
-1.1009160576202426 -1.8760726251726938 -1.4173510601280261 -0.24814745487433276 1.7713967388628693 0.053671041335878744 0.12411795146640214 1.1829118105970164 -0.271701636821863 1.0329185836302068 -0.8397525658281952 -1.950336168154696 0.4842236860042459 -1.0279549670727235 -0.6951859529163196 -1.3393199966160103 -1.818277289703556 0.8332922011201274 -1.5153480990338681 -0.7012710609388324 
0.4842236860042459 -1.0279549670727235 -0.6951859529163196 -1.3393199966160103 -0.5698157023497159 0.5743109500018919 -0.6955046513782301 -0.6242084493781976 0.20983406863067655 -0.6491529131081029 -1.8622993973514155 1.3335427792676775 -0.26333412854851046 -0.6403478298005902 1.9491001510557822 -1.9065822623533406 1.5454028610991624 1.5261524148693413 -0.462179406589561 0.12189494874144113 
-0.26333412854851046 -0.6403478298005902 1.9491001510557822 -1.9065822623533406 -1.2128033318977387 -0.29234148563441265 0.2630420139565959 -1.523891181737243 0.2611892314040043 0.42210916650169317 1.6375357009895266 0.8703045073403435 1.1836370527554334 0.6730735479952443 -0.2995291229324173 -1.947124452209084 1.6869729426529325 1.714954384175484 -1.3451033433609072 -1.892594728387623 
-1.2128033318977387 -0.29234148563441265 0.2630420139565959 -1.523891181737243 1.45877116125178 0.3446343342717335 -0.1834966371405775 0.38664897119877706 -0.1072971796205624 1.4358343922745243 0.24244718560324596 0.9750830445448191 -0.01836346008180323 1.7186092756610245 1.6415766419983098 0.9278422939497375 -0.6846645085861858 -0.92761614157549 -1.075581597862354 -0.5320337126177592 
1.45877116125178 0.3446343342717335 -0.1834966371405775 0.38664897119877706 0.8500454504332589 1.0534947775312924 1.276167977007936 0.2243671006066874 0.6291145600378028 0.6927009994515068 0.3819005998050762 1.7295518292842118 -1.0326893131976669 -1.5144753832775457 1.4665206823232877 -0.4123369040593654 -1.2441136561937474 -1.0729476529177755 -1.919433233065186 0.42955273979903597 
-1.0326893131976669 -1.5144753832775457 1.4665206823232877 -0.4123369040593654 -1.1336735056752891 -0.8242566568745842 1.4507892103103748 -1.3862375716382491 -1.3749922277789008 -1.9526375378865173 -1.8790525779300795 -1.9247786419070971 -0.15848034252936305 0.027792523510539624 -0.007335735223851003 -0.5508461020399729 -1.4622194937262867 0.8213789691729629 -1.852050514309267 -0.5253803370159376 
-1.1336735056752891 -0.8242566568745842 1.4507892103103748 -1.3862375716382491 -1.976560891210215 0.7681978840227162 -1.502036465787198 0.11623308301544988 -1.0604345305982679 0.026840928229316052 -1.4798412539961556 0.10463907513586301 0.8246104238858041 0.5370947411566367 -1.8585108236011756 1.2659776382083114 -1.8647769057652188 -0.3174198769369574 -1.6389992111523286 0.7945369143897749 
0.8246104238858041 0.5370947411566367 -1.8585108236011756 1.2659776382083114 -0.1077669488495796 0.4751020474241261 -1.2351303688238904 1.1446889670754428 -1.7813356845918582 -0.11717073976659265 1.79052281891212 0.7944094373528081 -0.9728462458840044 -1.8365813648364728 0.04954719471416036 -0.7020909370526636 0.9402522764269277 1.52546668902154 1.8986399005181172 -0.8191227123631806 
-1.7813356845918582 -0.11717073976659265 1.79052281891212 0.7944094373528081 -0.4592343221273314 1.4614962315889208 0.5131156753502668 -0.5677284480262945 -1.8134624944291966 -1.4685593348587518 -1.7510638089701507 -0.5504468355009196 -0.7839158063559215 0.5102255027809033 -0.43885312004516086 -1.9418363940104917 0.26768707559789107 1.8470459058980797 -0.7357474334719645 -0.7903819006974997 
-0.4592343221273314 1.4614962315889208 0.5131156753502668 -0.5677284480262945 1.3761064403086478 0.23909549052573364 0.7027362646212167 1.384170872908678 1.5625151161138424 1.086717362237994 1.4129695421183293 -0.5217229851608289 -0.6648769176483991 0.21845336168629403 -1.5466660454321834 0.6917988319766306 1.6758519300181067 1.2337805272326596 -1.2151692933135383 -1.1635034279885126 
1.6758519300181067 1.2337805272326596 -1.2151692933135383 -1.1635034279885126 1.5390391236710887 -0.01714885598974858 0.9476678079389189 0.8280181900370831 0.7404550085987314 -1.6357888075068923 -1.5444028970659347 -1.8755089230910644 -0.24040858966659906 -1.1457404157032784 1.9779261642412775 1.7975149394146883 -1.364728309602051 -0.6127344595336819 0.8052905465670941 0.002910219219981691 
-1.3839077457110553 -0.5791365556470827 0.45477136734925283 -0.023902786339628168 0.2135224580417887 1.7230548507015286 -0.9583891167948093 -1.8489074938841368 -1.628481995833651 0.5660119774835422 -0.4766271521924814 0.14643562765928442 0.16339820704364083 0.014659949771496095 -0.5999764794669229 -1.0959295190728824 -0.8114830164604245 -1.3078598542177113 -1.7875888260041988 0.3377651513520923 
0.16339820704364083 0.014659949771496095 -0.5999764794669229 -1.0959295190728824 -0.9358897055301516 -0.6409397229325728 1.3502684710593815 -1.3498363556993476 -0.9701279424650346 -1.303321292280211 1.5864064770957076 -1.2198193117956118 -1.2664416087732864 -0.2599881143821392 -0.18580406099186764 -0.9458056557243566 -0.26884556637018386 1.2379116972566897 1.5779774223407577 0.6845219921506942 
-0.9358897055301516 -0.6409397229325728 1.3502684710593815 -1.3498363556993476 -0.511172203529632 1.696665393883269 1.2880306687280179 -1.1910977751069352 0.47883909070718733 1.873750137204853 -1.2183022809528645 -1.169640374070402 -1.1437709804396907 1.0033300516318557 0.39972249563031914 -1.648459040307185 -1.5779259815592517 1.7373451935657367 -0.5017477378329773 -1.9178014828925236 
-0.9358897055301516 -0.6409397229325728 1.3502684710593815 -1.3498363556993476 0.5726248837660792 0.7843975902163631 -1.0407810808774265 -0.9555434690369173 -1.8003275262792449 -0.38314862101534386 0.9831681628161455 -1.5002367148287266 -1.057716149250631 1.4927918147067811 1.6774182387156187 0.21732395640431834 -1.4553573653378127 -0.3622734800101375 -1.1679250566153332 1.1997413527543999 
-0.9358897055301516 -0.6409397229325728 1.3502684710593815 -1.3498363556993476 1.6918198126430344 1.1501192638679911 -1.3477923248201873 -0.7889719466323379 -1.4328913707762796 1.052700769615813 -1.6550549492219169 1.802723245240219 -0.5792945643192255 -0.1254611258818059 -1.7194903746624672 0.10487100479483358 0.720157428867954 1.6248421705143459 -1.0104369992904112 1.3647953957997445 
1.6918198126430344 1.1501192638679911 -1.3477923248201873 -0.7889719466323379 -0.3955310939780876 -1.169099992532174 1.5324066969646077 -0.7898988094281956 1.6511973337966679 1.6378223923896753 -0.6475462973079718 -0.7524065722638191 1.0553742927695406 1.1078515988307824 -1.666218855597661 1.2192052496524184 0.04748659730468274 1.6446348613860473 -0.7418214591031287 -1.712540205656901 
-0.3955310939780876 -1.169099992532174 1.5324066969646077 -0.7898988094281956 -0.3453414010097915 0.816402870137698 1.8221944155665732 -1.107876969930956 -1.6599034342631023 0.4413469524279692 -0.3995430000961142 0.5201174173415097 -0.259590807342962 -1.5441348375935244 1.0813240902962913 -1.245692175225754 1.5496933711673844 -0.7227511570640286 -0.3345712878272131 -0.31415890266970514 
-0.3955310939780876 -1.169099992532174 1.5324066969646077 -0.7898988094281956 0.2707453027411728 0.3584917826369516 -1.4744534899373498 -0.018787005873331708 1.6923442311687351 -1.5672575791706227 0.535774652718799 -1.6117069973671416 -0.6305056249080354 1.7126279564997597 -0.37284570250736504 0.30994711023266097 1.135500744516543 0.5629313893834671 -1.2657413145920557 1.1577584763687936 
-0.6305056249080354 1.7126279564997597 -0.37284570250736504 0.30994711023266097 1.4281579415566785 -0.42092222044080385 1.6855262264436996 0.2907215530286953 -0.2472227108491345 -1.5212380957576097 -0.5342271465677442 1.7416065185710305 1.0953249017851916 -1.6628000008827275 1.353572617381277 1.5357974398709597 0.7175064418639261 -0.6212853712101754 -0.21366465294852022 1.4574280788387681 
-0.6305056249080354 1.7126279564997597 -0.37284570250736504 0.30994711023266097 0.4367359875447132 0.06647607690869739 -0.8598614886490217 1.2411387277424621 -0.8908213687765132 1.6708962079825547 1.0928991364984886 0.5184130489134438 1.6938898207900959 0.12042057885718904 0.14384327638179473 -0.9621987924652777 1.6953070499966119 0.8074197826577119 -0.28922958332127235 -0.9439393730641843 
0.4367359875447132 0.06647607690869739 -0.8598614886490217 1.2411387277424621 1.1231214339658986 -0.8032130058092712 0.2683234302199775 -0.13763452060970494 0.35099781742124936 -1.240709714755372 -1.448037733967463 -1.4977146923537892 -0.20072070095382522 -0.018177747527252652 -1.945796160062128 -1.221981052377528 -0.32398780633043156 -1.6093664220956314 -1.5060210496123418 -1.8466736465401894 
1.4369394442564412 -0.13912645067407903 1.747019129712411 -1.160747349763768 -1.540860602873804 0.3619585617623975 -0.023629297213979772 0.050112004051926284 1.7398489345948276 -1.6393726826375605 1.622523687939195 0.7981890142418298 1.8021038542672017 1.7050094107794744 0.8210253159626584 -1.7516544219435017 1.2483302232505071 -0.007323998995727887 -1.5292711923308295 -1.74587464802797 
-1.540860602873804 0.3619585617623975 -0.023629297213979772 0.050112004051926284 0.8824529599415891 1.3470355461159755 0.8644964344103441 0.7608382368875168 0.9902324645147513 1.5907492932552607 -1.0073591116596958 0.9294890691932292 0.08476007493485849 1.9317280521396287 0.009586854619007656 -0.023325968835501865 1.4918913580891675 0.013582627119582025 1.3538454011090537 -0.8459586086433863 
0.9902324645147513 1.5907492932552607 -1.0073591116596958 0.9294890691932292 1.8682310240116502 0.4189072380073924 0.09544540085551789 1.4094632290381277 -1.8442408786609379 0.5188901959816903 -1.1260081580982129 -1.0128109772726428 -1.7004807502070887 -0.6337922438664632 -0.9921928005386325 -0.35013366712244887 0.4815791703107566 -0.4978418374877118 0.5248610261800217 -0.387061404456956 
-1.8442408786609379 0.5188901959816903 -1.1260081580982129 -1.0128109772726428 1.4046003127534368 -0.722308647021618 -1.468150683800728 -0.21048505128010486 -0.38673576415540767 -1.7704655304736767 -1.491451672991622 -1.691834433714293 0.3068942429400452 1.1476160489378255 1.7220824866510496 -1.2912349451126914 1.6976785098580538 -1.2732622209255373 -0.5797478291890803 0.5687409315433567 
0.3068942429400452 1.1476160489378255 1.7220824866510496 -1.2912349451126914 -1.4428896102747646 -1.9552702397988253 1.7808151341631602 1.5528404681024628 -0.7282324920856964 1.5244291898012832 0.6201026570137076 -1.6018296747878482 -1.5422210587202145 -0.08799842578702766 -1.6993785034701587 1.7035314516304711 0.5018727094837283 -0.8564499901377141 1.185281395300561 -1.7128013615548303 
-1.5422210587202145 -0.08799842578702766 -1.6993785034701587 1.7035314516304711 0.4624593606759335 0.003484589076696132 1.2513757424351284 -0.3066314354936117 0.5887861342493932 -0.6790567663268869 -1.9061502706428657 -0.6929561146435961 -1.087978648450986 0.9313869741838476 -1.1141472744587388 1.0593718842592992 0.7707073218607103 0.80705881328486 0.15331509859138004 0.840142483693151 
-1.5422210587202145 -0.08799842578702766 -1.6993785034701587 1.7035314516304711 0.6166150521780542 -0.519072420803663 1.3281511209440842 -0.6498765616536639 -0.6742493853590572 -1.971718449454734 -0.7591145284936713 -1.8555758947414898 -1.4280115592177238 0.30578915303745546 -0.8469657461383111 -1.5521624399854046 -0.4140647754927911 0.6729088203390345 1.6603674098600236 1.9597216810524536 
-0.4140647754927911 0.6729088203390345 1.6603674098600236 1.9597216810524536 1.8718895896585397 -0.13630498608450559 -0.634944519894229 -1.2624543759943387 -0.4394504210722725 0.24930425328542372 -0.18702635267400547 -0.0756165867741383 1.8910077463803412 -1.3052149997891038 -1.0630302915482552 -0.21357332423367792 -1.1098153273233722 1.7557934384773781 -1.7744795047809179 -0.06412302198129272 
-0.4140647754927911 0.6729088203390345 1.6603674098600236 1.9597216810524536 1.438965943513391 -1.7476242068731271 -0.3426248082591128 0.4190066882205645 0.7520817765209271 1.53942327798134 -1.8332560160051354 -1.6583037718963158 0.17955481714186172 1.5654090237025242 1.0493977546643394 0.547594101237685 -0.5390541428336073 1.9989420311505586 0.0324162922238167 -1.5091104356635303 
-0.4140647754927911 0.6729088203390345 1.6603674098600236 1.9597216810524536 -1.5116051311758243 -0.4495298280966096 1.7320345377626487 -1.6881960195712682 0.38906370800342227 -1.147933284315827 -0.5710311631645677 -0.947318001480872 1.9625842490495153 -0.9901683910597998 1.4792254328981085 0.6813912373746458 1.0582896807280964 1.6679265863811734 -0.22244153314285864 0.5645261951811698 
-1.5116051311758243 -0.4495298280966096 1.7320345377626487 -1.6881960195712682 0.45474027889224145 1.3002338214245266 0.4523681586381514 1.7573631599153545 1.860174261307261 0.6805384248719686 0.8801553637995787 -1.0542274585206228 -0.11435895239999372 0.2213480466457396 -0.370972289839115 1.1889995914131348 1.8571187335589143 -0.008337408553705572 -0.3275151884436931 -1.7940717732068538 
-1.5116051311758243 -0.4495298280966096 1.7320345377626487 -1.6881960195712682 -1.1712593685209791 0.740897300353486 -1.0325167601762746 0.3850737534304596 -0.9488178693667422 0.989270739306459 0.6097212028046983 -1.6347192027044026 0.6139826261967261 1.438318148351764 -0.4052024314781306 0.17870252907559925 -1.8038799938805226 1.5924278556878955 -0.17398141956460744 -0.5033415821362128 
-1.5116051311758243 -0.4495298280966096 1.7320345377626487 -1.6881960195712682 -1.2211854833996192 0.8178120239098603 1.8175992594764137 -1.8004831098543241 0.2281071234941381 -1.1766753945235942 -0.7403590655238523 -0.2936164642067549 -1.2424603385990869 -1.901604254806934 -0.11002125580918865 -0.662978678959182 -0.651627362107742 -0.6388602171212097 -0.32942213506830686 -1.8652911138114723 
-1.5116051311758243 -0.4495298280966096 1.7320345377626487 -1.6881960195712682 -0.09797548714786597 0.7891244081014084 1.2013612221361583 0.6381628244296174 -1.9876256056544381 0.6238542672407679 1.4729400594151114 1.5475070348619564 -0.3887819400517296 0.23691344527832658 -1.256817956155357 -0.6676944365519324 -1.4886316912297906 0.6390894588037828 0.40594483763115585 1.0543401103023093 