0.6433449203173001 -0.8353469341365694 -0.9591715466092046 1.0189882880122867 -1.1577205331949205 0.6566285752133472 -0.5354482505189373 -0.8206222967826755 -0.4346122316688654 -0.32354942094898664 1.788829967088454 0.13279956987420904 
-0.3049127006464798 -1.9462646411312763 -0.963404557300819 -1.6407707685552055 0.9307488926966583 1.4961532359755583 1.6594448129339918 0.7029970904511087 -1.3093235399030765 -0.4245511614408044 1.9959514879362712 1.1855256067384055 
-1.3093235399030765 -0.4245511614408044 1.9959514879362712 1.1855256067384055 0.7165205351703094 -1.087891556314121 -1.72492112441352 -1.5107829986413277 1.6266864619660577 -0.005510761090178562 1.4562342927361631 1.3584480145743267 
-1.3093235399030765 -0.4245511614408044 1.9959514879362712 1.1855256067384055 -1.676511965717585 -1.399844271029648 -0.8276135513033234 -1.8072453587182005 -1.9596047416200393 -1.5016135233489623 -1.630141524500349 0.2571198056832764 
-1.9596047416200393 -1.5016135233489623 -1.630141524500349 0.2571198056832764 1.1505102124153193 -1.5099039300760921 0.11487529520575235 0.1857210046781006 1.8327668235929893 -1.0544430593213105 1.1685005220167723 1.8558727046518402 
1.1505102124153193 -1.5099039300760921 0.11487529520575235 0.1857210046781006 -1.1503863718219365 -0.09368460009095303 0.1560971123261088 -0.5522876027051398 -1.9495799000280671 -0.40564540426519624 0.44416250948918234 1.9826631403451214 
1.2307705352155924 0.8125847799016359 -1.0932455109091261 -1.5582716892513218 1.599600922358856 1.8066670486302279 0.32372646841804764 0.9227116572281688 0.10665162606451206 -1.5341288487463878 -1.8717128562752237 -0.08274524385326876 
1.7705227606413017 -0.11072056671602137 -0.34411825383549965 -1.6747490757215409 -1.858818942622979 0.28555713726380727 -0.7173642481574434 0.5200772218107801 0.5362472877023907 0.5995631081485069 -0.3897185826369727 -0.8020452668912363 
0.9024083691991782 -1.6172956995632708 1.313480610646733 -0.8883231273914056 -1.4302427048593969 1.7528820556876799 1.3228852589611395 -0.2018551683654919 -0.24533455565577045 0.047301202870530634 1.897227400132445 0.8128275948229446 
-1.4302427048593969 1.7528820556876799 1.3228852589611395 -0.2018551683654919 -0.6913063381536606 -0.3046466198198261 1.3493456452602026 1.3566827648246633 -0.850515995585833 -1.473951516705157 -0.7726716061748622 -0.5914517375095998 
-0.6913063381536606 -0.3046466198198261 1.3493456452602026 1.3566827648246633 -0.0544944559285212 -1.6106843504602875 -1.5676860902290741 -0.20013274525197833 1.7561184105612595 0.4460999232930569 -1.9196629410796833 1.3255148103650098 
-0.6913063381536606 -0.3046466198198261 1.3493456452602026 1.3566827648246633 -1.5514065097354175 0.832653711482013 -1.4159147623488253 -1.977893697706472 -0.20024867474419095 1.5066826288951156 0.08628668664123218 -1.0521464491303036 
-0.6913063381536606 -0.3046466198198261 1.3493456452602026 1.3566827648246633 1.5791960226477157 -0.10266040508464114 -1.2765044435960569 -0.4977503895020652 0.05150059143079044 -1.4598487195430057 -0.1369922944371491 -1.633896648171024 
1.5791960226477157 -0.10266040508464114 -1.2765044435960569 -0.4977503895020652 -1.0143592279583569 0.04253204639564245 0.8087378549245057 -1.2746338222517548 1.4920191667508629 1.9631947204226305 -0.7069141412981037 1.6593674186453944 
1.4920191667508629 1.9631947204226305 -0.7069141412981037 1.6593674186453944 0.6391296788902041 0.12923308830058833 -1.0007099513971807 1.173324185564022 -1.8121223134047089 -1.5655178118318065 1.0091412751271664 -0.3299712085380646 
0.6391296788902041 0.12923308830058833 -1.0007099513971807 1.173324185564022 0.18815080735259215 -1.9976498245673429 -1.3382241355538431 -1.8274395141861923 -1.8308539005753572 1.1085561660532477 0.8196959481284272 0.019314986967937653 
-1.7410294439674772 1.1000229183822308 -0.6150192796055953 -0.3436377323935682 -0.5040675336140978 0.36483711006352504 -1.419105203632535 -1.00592328214295 -0.5645893690185049 0.5800419045759289 1.2774243255357525 -0.44496143274430366 
-0.5040675336140978 0.36483711006352504 -1.419105203632535 -1.00592328214295 -1.7690735543891276 1.3613491932272903 -0.5787282401480685 1.5639081187195214 1.9906840555678822 -0.9229712141244861 1.291354708182122 1.4813902039412556 
1.607132010749881 0.38415387215961605 -0.610294434021208 0.4831787784546213 -0.730954817945884 1.1782479600810265 -0.15040754805075673 0.4054846308027593 0.5663064042345551 -0.8697246616460665 0.6176283650055563 -0.14616786709721108 
-0.730954817945884 1.1782479600810265 -0.15040754805075673 0.4054846308027593 -0.008661200501714372 1.0065714797947964 -0.594068026353797 -0.04556912608662911 -1.44667646493069 -0.8553845355692431 -1.5188073521589307 -0.5739176465299156 
-0.5453024409420437 1.682743292435596 1.2854208201537407 0.973043360597825 0.8162279862587387 0.57795458670588 0.1377996811946849 0.8278110955111884 -1.6218429180687357 0.04211749214913363 0.8964161712431005 0.5454946032124122 
-0.5453024409420437 1.682743292435596 1.2854208201537407 0.973043360597825 -1.8279513338087998 -1.8658247737572804 1.698315739493259 0.6683111197366971 0.9356282576235788 1.2581997359692725 1.5543292270459057 -0.9522553833978851 
-1.8279513338087998 -1.8658247737572804 1.698315739493259 0.6683111197366971 0.9853178109462322 -1.7093344264396042 -0.06026576053402488 1.9686468673672466 -0.19861526223988246 0.5477919472202935 -1.1828786211656337 0.7992524979249418 
-1.8279513338087998 -1.8658247737572804 1.698315739493259 0.6683111197366971 0.9988755918841541 0.9061140105943606 -1.8351806481320967 -0.4557315655928016 1.5744314784070141 -0.5531436625457267 1.1244491468107776 1.4263753307551261 
1.5744314784070141 -0.5531436625457267 1.1244491468107776 1.4263753307551261 -0.2680591966182999 -0.4134408165920993 1.083450490891773 -0.06940522163232332 2.5718617205416905E-4 -0.8215845370154198 1.6733788704005153 -0.21258823399155302 
1.5744314784070141 -0.5531436625457267 1.1244491468107776 1.4263753307551261 0.4739889241447939 1.3643538335383867 -1.7439298246853805 1.1590015349391543 -1.8547913420936415 0.6035689434547851 1.0583301300794425 0.4218472530861965 
0.4739889241447939 1.3643538335383867 -1.7439298246853805 1.1590015349391543 1.024377993020356 1.4925434840846594 1.571143273986586 0.672322250872369 -0.49332933970859516 -1.6259292917737538 1.7242327242793412 0.6686639643192898 
0.4739889241447939 1.3643538335383867 -1.7439298246853805 1.1590015349391543 -1.9055536206845827 -0.10237351797020411 -1.7521493249565525 0.5292301159472306 -0.17243381918456535 -0.022585427426315974 0.8043929176144711 1.63945313592686 
-0.17243381918456535 -0.022585427426315974 0.8043929176144711 1.63945313592686 -1.5689434326255207 -1.799180943968575 -0.4027697727574231 1.2649778039376987 -1.3381860550512958 1.1433775548797387 0.20051593790839117 -0.35815441571043083 
-0.9796143826147343 1.4171773720300385 0.5194305202830267 0.5645067001228443 0.9074629992687226 -1.078247366864996 1.7012067490957952 0.13876101967554444 1.434687219391248 -0.7632548740292235 -1.435295051884936 1.9087309325097728 
-0.9796143826147343 1.4171773720300385 0.5194305202830267 0.5645067001228443 -1.8231690831860865 -0.9325172833373601 -1.3938634885155814 -1.138529838484962 -1.154976352221552 -1.7003000881383108 -0.8768023127399287 -1.287429981604677 
-1.154976352221552 -1.7003000881383108 -0.8768023127399287 -1.287429981604677 0.47562078794877705 -0.765194710139613 0.41086120342595844 0.40821311055228415 -0.1333469482474654 1.7264984134201664 -0.5530693099108408 0.8244271169461577 
0.27668565856209293 1.7231817645849157 -0.6878834449367455 1.296199185251953 0.9114399001573115 -0.6785184869276182 -1.7410371876433772 0.838371130164592 0.593459410812712 1.1694766448759082 0.06822790611204743 -0.7311749991575778 
1.7433319714104107 0.36174561190448307 1.78181690207136 -1.0173543054449352 -1.8306375545873892 -0.7891078596736114 -0.9810703196379817 -0.7355395631561352 1.9823007137707096 -1.778382195517851 -0.5257784463463953 1.898782522991096 
1.7433319714104107 0.36174561190448307 1.78181690207136 -1.0173543054449352 1.4831787217519117 -0.07198425783177553 -0.1199958070620184 0.19661832084689346 1.1239775044344413 -0.001153855541358162 1.9809147888618828 -1.7776646093639625 
1.7433319714104107 0.36174561190448307 1.78181690207136 -1.0173543054449352 1.2170428273417286 -1.5903411386451176 1.179311009306451 1.7555044451033885 -1.3133302671158678 0.8253417946635628 -1.2977671902666765 -0.7137267040635003 
1.3498388807962707 1.2196069769651605 -0.43803251881033844 1.8047303075983017 0.1114793633745057 -1.5179662053783831 -0.27183817788815334 -1.9000467500648957 1.0137921924618176 -1.720293336098306 0.0667415423070552 -0.42879580089308833 
1.3498388807962707 1.2196069769651605 -0.43803251881033844 1.8047303075983017 1.9457098246973032 -1.5363640169371076 -0.8171107747812045 0.29851428948007364 0.4285274009471127 0.18893260899752384 0.6357885386515885 0.47596529934983645 
1.3498388807962707 1.2196069769651605 -0.43803251881033844 1.8047303075983017 -1.379874693421148 0.8779503616978217 -0.06228004663830555 -0.5829669384684313 -0.5900356733616019 -1.2805033597997286 0.18392720207790347 1.7447917321725388 
-0.6182410661148938 -1.432304637317809 0.28976691092518214 -1.6305720158001216 1.2950487080347264 -1.2875137557303327 0.5582521636178357 -0.8904919302032446 0.668041279962067 -1.6069118573314927 -0.2447887081944824 -0.934847672082705 
1.2950487080347264 -1.2875137557303327 0.5582521636178357 -0.8904919302032446 -1.625550354157975 -1.6327231588581022 1.5055204844448955 0.5835541241695674 0.20683805381021036 -1.0719950289726428 1.0367836756892617 1.907219918892654 
0.20683805381021036 -1.0719950289726428 1.0367836756892617 1.907219918892654 1.5801458035279716 -1.0104973816316734 1.1290654887077318 -1.9400882735875453 0.47282509937940853 -1.5168978599629415 -1.834046680004743 1.5039585795699084 
-1.6506549461357274 -0.5701308454455583 -1.9876222420437988 0.3317343576628806 0.9470078911418298 1.459202555748047 1.2013844858883105 0.02159846012893807 0.20767921422040336 -1.0661721015169472 -0.7710025172691681 -0.9179576082903202 
-1.6506549461357274 -0.5701308454455583 -1.9876222420437988 0.3317343576628806 -0.9296077777050109 0.8160979921791056 1.597842252362081 -1.7621477758672799 0.7796797812066565 -0.2309630147492867 -0.4043043825765631 0.22270602449986798 
-1.6506549461357274 -0.5701308454455583 -1.9876222420437988 0.3317343576628806 -0.7665764892772025 -0.5410880865954821 1.9688550512681808 1.8319146298787334 0.7399139998933002 1.1322558315360145 -1.9034727786721763 0.006539090592526442 
-0.7665764892772025 -0.5410880865954821 1.9688550512681808 1.8319146298787334 -0.12658943153977464 -1.3992691638892292 1.3688399651733048 1.1150215335238274 -1.692108975818075 0.8072097385609158 -1.2046931582631784 -0.8142117024554749 
-0.12658943153977464 -1.3992691638892292 1.3688399651733048 1.1150215335238274 0.5370715512693187 -1.7766380064079819 -0.14318078422956004 -0.9327330484576488 0.7959306902097993 -1.8044987507512635 -0.04271822717821072 1.0354609116189026 
-0.12658943153977464 -1.3992691638892292 1.3688399651733048 1.1150215335238274 1.4015594207614233 -1.0891257492940372 1.6046473594200008 -1.5236392723766858 -1.7899329112936972 1.6796586106332363 1.6921061069914005 -1.820501822581718 
-1.7899329112936972 1.6796586106332363 1.6921061069914005 -1.820501822581718 -1.9759992003344289 0.02059343235130573 -0.36085886151396984 0.21521080775825174 -1.5191666255211231 1.8747695262735484 -0.9576266625512231 -0.9432396663365314 
-1.7899329112936972 1.6796586106332363 1.6921061069914005 -1.820501822581718 -1.7895986391747467 1.308095302899018 -1.4928748833125556 0.17088371814537506 0.0994924462022686 -1.3755343594286775 0.43816064357881634 -0.3251628452330988 
-1.7899329112936972 1.6796586106332363 1.6921061069914005 -1.820501822581718 0.8163297583473605 -0.48442451885788174 1.187236924539408 0.5038104876037952 0.5707392512085412 1.0272739541993392 1.9416775386257914 1.239891604226064 
0.5707392512085412 1.0272739541993392 1.9416775386257914 1.239891604226064 -1.1150895622712067 -1.573413935437717 -1.513341929223012 -1.9172819940563683 -1.923278901689899 0.5376139801780719 1.607476671579772 0.6215911862561283 
0.5707392512085412 1.0272739541993392 1.9416775386257914 1.239891604226064 -1.981158486890846 1.3101134858304522 0.4468832700080103 1.4382078709768567 1.2447659586300528 1.9652797649992864 0.7113128572641081 1.0924609642756171 
0.5707392512085412 1.0272739541993392 1.9416775386257914 1.239891604226064 1.240886141408232 -1.5662878113043934 -1.0526033731681794 -0.29766987137547885 -1.4727840355234423 -1.7953617049419206 0.4164373088477924 -0.09184967010480838 
-1.765658153971454 -1.7597482118847938 -1.8728989817537003 0.06823679494930879 -1.7800166111945126 -0.9040609694687225 -0.7868697044898614 0.10700366705506159 0.5909514441371146 -0.9670461721647801 -1.6068926572954711 -0.5602418973317103 
-1.765658153971454 -1.7597482118847938 -1.8728989817537003 0.06823679494930879 -1.6966247188098271 1.8133936024168937 0.8407571372499505 1.8747861245908104 0.515900505051694 0.09060172848318881 1.6181464122104403 1.7903701067701094 
-1.6966247188098271 1.8133936024168937 0.8407571372499505 1.8747861245908104 1.7654165719634562 1.2002835075258385 -0.9210596994305611 -0.9465185813752459 -1.8306373292519442 -0.0791251064894074 -1.6609120521518932 0.4181735981999495 
1.7654165719634562 1.2002835075258385 -0.9210596994305611 -0.9465185813752459 -0.30791187655791186 1.562713449773629 -1.548270622107069 -0.8596997759703582 1.6280224381221253 0.09641929824142714 0.25021659189338363 -0.20858324516050342 
-1.415113572793452 -1.998444115252067 0.9966529079423077 -1.3113587685983172 1.3052500035563188 0.4158276270995338 0.13151901087731277 0.8304288187774946 -0.31316995125293756 -0.5107286377210976 -1.249406216701423 -0.12644736783388044 
1.3052500035563188 0.4158276270995338 0.13151901087731277 0.8304288187774946 -0.4086232559920959 -1.2091645947081928 -1.7100174268523465 -1.0994611554199416 1.7415705040821594 -1.4712304172312605 0.24128434515539032 -0.07955099755592743 
1.4422289948567228 -0.28143616004027594 -1.718134228829348 1.0461847691503934 -0.4040100629685419 -0.25862139051933575 -1.5354472366950622 1.8024970112492462 -0.8380415421869105 -1.1664830555655215 1.7926567066559582 1.5821305264218393 
-0.4040100629685419 -0.25862139051933575 -1.5354472366950622 1.8024970112492462 -1.0574945225052064 0.1278741114135049 0.6077069010993013 1.9105659553083427 -0.23428113497049274 -1.122764565565023 -1.9767946935288365 0.7379144406428528 
0.3605617932690204 0.5377254176673678 -1.5700770066529341 -1.5831819755121428 0.6311799457381295 1.602232696246567 -0.5518357466448678 -1.22121559423096 -0.32335203898708054 -1.3706266968999912 -0.002384526338985893 1.604492506651789 
0.08122874630600352 1.384845211378956 -0.7940342255782196 0.8294093763450836 0.7803132059326785 1.3405294616733188 -0.24104680974145065 -1.3722791505401917 -1.4867064374081984 0.7200326364727951 -1.1847631356937072 0.5261296279838659 
0.08122874630600352 1.384845211378956 -0.7940342255782196 0.8294093763450836 0.2616009791593892 0.6597867519979155 -1.303647027587421 -0.9231053826035249 1.8954558075882413 -1.2437572119977327 -1.83329842387022 -0.23517676554070377 
1.8954558075882413 -1.2437572119977327 -1.83329842387022 -0.23517676554070377 1.912675114127274 -0.5421366006427295 1.4673173686095984 1.6835615621765516 0.6193261935990422 -0.4526288464833912 -1.4207710482116394 1.4912433025035101 
0.6193261935990422 -0.4526288464833912 -1.4207710482116394 1.4912433025035101 0.6001715235261327 0.2567340362059318 0.015546742189733731 -0.5401434198529658 -1.2648273468863267 -0.931996483607267 0.46023481657632237 -1.3550124142375477 
-1.2648273468863267 -0.931996483607267 0.46023481657632237 -1.3550124142375477 1.9119919571749842 0.5300425443713785 1.8225543858005087 0.21682354318358454 -0.3726207067953258 -0.7335963581845224 -0.7275175995926824 -0.9845326061073121 
1.469128377595006 0.8792120233824972 1.522824236152533 1.2491605855933745 -0.37304658127008183 -1.8093055760953645 -0.7950759456273291 0.02837841292064791 0.7775238924341639 1.3326399049036937 1.8038301185693966 1.167862970188207 
-0.3803345606115771 -0.9426022281041133 1.38762496206098 -1.6815703556900496 -1.55192710060143 -0.14927891307443364 1.661997159838601 -1.9509824176764217 -1.0960025093207575 -1.411752230873009 -1.0986944319208378 0.937906262571679 
-0.08249345672030373 1.2014484669843877 -1.8555785079053706 -1.1362395297879027 1.8683014534017834 0.8145159357600678 0.9514277678275143 -0.06427503347581576 1.685642499356816 1.0688685177387276 1.4770853650500193 1.0886236798239515 
1.8683014534017834 0.8145159357600678 0.9514277678275143 -0.06427503347581576 -0.33603202656634634 1.830691499636921 -0.8728168827468847 -1.5021934602272045 -0.08666215634776497 0.4118898413612544 -0.7906398743380008 0.8830808555661571 
0.4651358124190139 -0.4002098941288059 -1.2248828768478175 1.7067383823766935 -1.8458455119006882 -0.4871633725649165 1.9487319778815655 0.04335009301036985 -0.5185894442336183 -1.000039916029789 1.1842025359883106 0.5808010191783888 
-1.8458455119006882 -0.4871633725649165 1.9487319778815655 0.04335009301036985 0.5617458590254376 0.46870168065490203 -0.016975639312649005 0.3516084808042268 -0.09852056587885016 -0.41474494939711004 -1.2909425335021671 -1.6927593979513977 
-1.8458455119006882 -0.4871633725649165 1.9487319778815655 0.04335009301036985 -0.19086899939023771 1.7093267630403814 -1.8370346574007739 -1.834369015492808 0.421717960788198 0.9199524195246882 -1.9876785146537896 -0.3032741060419015 
-1.8458455119006882 -0.4871633725649165 1.9487319778815655 0.04335009301036985 1.8741307253863106 -0.8021943728608911 0.46680043690581696 0.7426693585316322 0.47257141245004286 -1.9512354996386323 1.2726034707484293 -1.0818856850884297 
-1.8458455119006882 -0.4871633725649165 1.9487319778815655 0.04335009301036985 0.35471309711378307 1.8565403880600595 -1.038603354774727 -0.3827680074882571 0.1847633547107712 -1.4260704804859676 0.4744885129685197 -1.8926926954145191 
0.35471309711378307 1.8565403880600595 -1.038603354774727 -0.3827680074882571 0.7113764867150345 0.6428025333996992 1.8297051844893897 -1.3185945018794558 1.6260575594673536 0.2781162085141107 1.7346067319604295 -0.9249217264200857 
0.024612328203601486 -1.0744035206284432 1.7821141668121019 -1.1730081668789536 1.5534327417831841 0.6357552537370377 0.7816429739325721 -1.8039731582371448 -0.1024658209136251 0.9461809846964737 0.1956000265777904 -0.39589651648125423 
-1.875459241966464 0.9699419101545685 1.936343004090975 1.7889236700482276 1.8896241056822882 1.5223660716832441 0.24977531770541717 -1.2278043184004024 -1.3650310129947907 -0.4819957385710527 -1.7181101613409342 0.4031891786196491 
-1.875459241966464 0.9699419101545685 1.936343004090975 1.7889236700482276 -1.692276988464413 0.557827933773758 1.8938008890144684 0.23813195923502306 -1.0613028196045144 -0.3247475934376465 -1.3525006334998104 -1.800933895488158 
-1.692276988464413 0.557827933773758 1.8938008890144684 0.23813195923502306 1.7379356307851275 0.3511281243464217 -0.23420222163881954 0.5242239355103666 -1.456945539806994 -0.5901228415169966 1.5146444416621443 0.821948029643293 
-1.456945539806994 -0.5901228415169966 1.5146444416621443 0.821948029643293 1.7706464819165397 0.04209420949104947 -1.4530612829801295 1.9236085155604479 -0.6023945031141493 -1.2078563617493758 -1.9639181354267752 0.7988306571160271 
-1.456945539806994 -0.5901228415169966 1.5146444416621443 0.821948029643293 -1.7885154574575788 -1.4639058166654273 1.7900679450625843 0.6033110450439771 0.008283343446575664 0.860437647319372 -0.11819895846057893 -0.24044362077936388 
-1.456945539806994 -0.5901228415169966 1.5146444416621443 0.821948029643293 -0.5900224631096318 -1.2670746672256148 0.728985469002025 1.9745466870888255 -1.7328206777514579 -0.8705996592229668 0.9419483041846752 0.9057323908512975 
-1.456945539806994 -0.5901228415169966 1.5146444416621443 0.821948029643293 -1.3887761281887339 -0.4014654350407736 -1.8576944270442546 1.919359308657516 1.796313038686712 1.2001416904539943 -1.4888066442805137 0.9078255431518194 
-1.456945539806994 -0.5901228415169966 1.5146444416621443 0.821948029643293 -0.7768390515401955 -0.2902762173153741 -0.029485590820420793 -0.9356450962561405 -0.9778266330152396 1.1929089815904135 -0.8897653841746092 -1.6225136714409736 
-1.456945539806994 -0.5901228415169966 1.5146444416621443 0.821948029643293 -1.4027625240055004 -1.5438323286405438 -0.18563476694554382 -0.517899172759654 -1.2282143914920378 -1.9752179886797605 0.5054372065796078 0.9030216680453833 
-1.456945539806994 -0.5901228415169966 1.5146444416621443 0.821948029643293 -1.8663784009343378 -0.22864534807768333 -1.98058710707497 0.7768459604622295 -0.17516108713309508 1.684868012766238 -1.104267485016467 -0.3936787870744567 
-1.456945539806994 -0.5901228415169966 1.5146444416621443 0.821948029643293 -0.911546878050915 -0.874905614182536 0.17697574528968785 -0.08317147014051507 -0.2893789111530234 -1.3864139095744017 -1.6115798738808613 0.5025093422873739 
-1.456945539806994 -0.5901228415169966 1.5146444416621443 0.821948029643293 1.9335786650071545 -1.0175694677012328 1.752961900046484 -1.9803600276507929 -1.0456204743255935 -1.3603831943366105 0.9299928393551111 0.33526708090045787 
-1.456945539806994 -0.5901228415169966 1.5146444416621443 0.821948029643293 -1.145760802098997 -0.6793090770193957 0.7619113301284957 0.6042610221029472 -0.29104309404326045 -0.6797494368587107 1.6445472206939384 1.5569740203904563 
-1.456945539806994 -0.5901228415169966 1.5146444416621443 0.821948029643293 1.1586439511173219 -0.7475278266205758 0.3014224713974927 -1.8789198025910605 -0.7513468903024885 1.6467282162558843 1.958273764619284 -0.5376381262721703 
-1.456945539806994 -0.5901228415169966 1.5146444416621443 0.821948029643293 1.599164797763009 0.46836198125469686 -1.4669708331076627 -0.5668074812665473 0.6805925422567083 1.3439674786664417 -1.353571292519212 -1.832177660973577 
-1.456945539806994 -0.5901228415169966 1.5146444416621443 0.821948029643293 0.8306381708948489 1.2026015034427076 0.7756011420447928 -0.2785316295437199 -1.7181809899505276 0.3320636519337046 -1.49073989825644 -1.9137122718139117 
-1.456945539806994 -0.5901228415169966 1.5146444416621443 0.821948029643293 1.4104603687231356 -1.7680463628035352 1.5548827579831412 1.6743145755698423 0.3199283854618491 1.0935972101235318 -1.830187344873572 0.7925696839094014 
-1.456945539806994 -0.5901228415169966 1.5146444416621443 0.821948029643293 1.8087339428603713 -0.940539014881256 -1.28692362855621 0.19217491286025457 1.8187027756000527 -0.40451734669308603 1.959139633115119 0.7985141356667649 
-1.456945539806994 -0.5901228415169966 1.5146444416621443 0.821948029643293 -1.2909058942046259 0.8478009694933868 0.972147842049417 0.18998561769999522 0.43889211514015036 1.8133002576688546 -0.7565386546590922 0.38041885450133517 
-1.456945539806994 -0.5901228415169966 1.5146444416621443 0.821948029643293 -1.4543337139140027 -0.3555745273058166 -0.5754264573351371 -0.26954020887190744 1.8471015841269156 0.030348575478275297 0.2280951884559399 1.0842068821560118 
-1.456945539806994 -0.5901228415169966 1.5146444416621443 0.821948029643293 -1.1009438982506428 1.294112146583256 1.9261454479679574 1.90792881482166 1.2532327879452678 0.33938896892475334 -1.93625434086167 -0.026260860578593892 
-1.456945539806994 -0.5901228415169966 1.5146444416621443 0.821948029643293 -1.090702840009563 1.7489356054182674 -0.8303746400050409 0.9414622102169585 1.3318687265502893 -0.8587059767321894 -1.6781809055545454 -1.5568357303525824 
-1.456945539806994 -0.5901228415169966 1.5146444416621443 0.821948029643293 0.179548109538608 -0.032771122962035104 -1.5098171524835746 0.4999028771175462 -1.272759014480218 0.7611062364613534 -1.7328026290171952 -0.884880686172504 
-1.456945539806994 -0.5901228415169966 1.5146444416621443 0.821948029643293 1.6650274024626364 1.3298496368418515 1.7122659397664215 -0.6858195252434993 -1.7262533298235914 -1.1596884878910223 -1.1453313321234075 -0.77961217251331 
-1.456945539806994 -0.5901228415169966 1.5146444416621443 0.821948029643293 1.9590032257036771 -1.517525166969898 0.7134746203814779 0.21058024783269236 -1.325282067400153 1.1259465149373389 -0.08050304000965847 0.6028020449077238 
-1.456945539806994 -0.5901228415169966 1.5146444416621443 0.821948029643293 1.6953249844760139 0.7280030739987726 1.347586516163675 -0.7910861020980979 -1.465632656233384 0.4211959514173129 1.3572800278973256 1.9575018903838828 
-1.456945539806994 -0.5901228415169966 1.5146444416621443 0.821948029643293 0.15200737751301974 -0.2642652189151713 -0.9754851530087105 -0.2749029814150008 1.3577985231375136 -1.8141132935376914 1.3944728210380588 1.643753680290374 
-1.456945539806994 -0.5901228415169966 1.5146444416621443 0.821948029643293 -1.083547979430656 1.9799100199396178 0.6086790812904548 -0.3282112054694153 -1.8248349389063807 0.14140863717609475 -0.9025587616518282 0.5688076410119196 
-1.456945539806994 -0.5901228415169966 1.5146444416621443 0.821948029643293 -0.029586637668736593 1.5052503169365772 1.9358854124000255 -0.8540861798979309 0.7730774742644835 0.004500639871623857 -0.5703296551189538 1.3943920087760486 
-1.456945539806994 -0.5901228415169966 1.5146444416621443 0.821948029643293 -0.7013761893597814 0.5246561725468277 -0.2547924930147323 -0.07425617182652333 -1.0223080806769675 -0.13987643254293136 1.392279874129803 -1.4006204110173242 
-1.456945539806994 -0.5901228415169966 1.5146444416621443 0.821948029643293 0.1424994160200499 -0.21817907164479777 -0.9042266408686368 -0.21878215446948124 1.7580739786131003 -0.5451934146045767 -0.12647438182288262 -1.9445847566823433 
-1.456945539806994 -0.5901228415169966 1.5146444416621443 0.821948029643293 0.4256911720807488 -1.7071845345011156 -1.6938859378433615 -1.3382160921933748 1.385248658604303 0.702666750399012 0.8927797871787817 -1.3074023250595905 
-1.456945539806994 -0.5901228415169966 1.5146444416621443 0.821948029643293 -1.7864659216532734 -1.2942138298890993 -0.4289715876396216 -0.5784006478478925 1.2483203703596488 -0.5189979559372153 1.2173658004025083 -1.0811327954248156 
-1.456945539806994 -0.5901228415169966 1.5146444416621443 0.821948029643293 0.9348276119852845 -0.12453083926103758 -1.8210238648213304 -1.7620723621255392 1.8498867113367163 1.581329817440174 0.5670572540359493 1.4745385494971637 
-1.456945539806994 -0.5901228415169966 1.5146444416621443 0.821948029643293 0.674090192912276 -1.7881348338968732 0.7340374617463432 0.6985952296645008 1.9112412046115046 0.33474233596909864 0.9888006055607446 -1.686910902012337 
-0.6333472812010656 -0.38167708783553644 -0.6117099079251087 -1.5482835345195878 -0.21510175146555843 0.660389208945694 0.9396748846144667 1.8541865042962273 -0.6884437106602621 1.6632866055600326 -0.20986120435981404 0.9869024085433904 
-0.21510175146555843 0.660389208945694 0.9396748846144667 1.8541865042962273 0.7720693388174618 1.8184127463607211 0.2307788781639375 -1.3271851945585356 -0.9699794248399871 -0.831124025225106 -1.5407690660991893 1.5069520405633456 
-0.21510175146555843 0.660389208945694 0.9396748846144667 1.8541865042962273 -0.8831439666000676 -1.2372715906420195 1.668982835033507 -0.9835934425279258 1.6800588284240474 -0.2659011093344428 0.747175959271996 0.9725627813835431 
-0.21510175146555843 0.660389208945694 0.9396748846144667 1.8541865042962273 0.1593204574921243 0.08079597312672826 -1.3625486043069803 1.0783402183975723 -1.3313430827959665 0.24205597396817868 -0.5818330531020726 -1.980714069392107 
-1.6977116518042132 1.6591804566873853 0.3228204564874919 0.39607492681942746 -0.5827028983891185 -1.4828924745688363 0.7481152051190505 -1.0135493260027229 -1.9358874359301952 -1.483631274392231 -0.26800385355311107 -0.9408026750111183 
-0.5827028983891185 -1.4828924745688363 0.7481152051190505 -1.0135493260027229 1.3913684907974986 0.7581597877745101 -1.3198632101271173 -0.7053980832500586 -1.6618703983827894 0.23947593475909468 1.196927883937609 0.30466001424495825 
1.8010244108845352 -0.8310803713881665 1.5321998821347727 -0.17738081715299225 -1.6760529002259816 -0.37159781311047757 1.7766000121057055 0.20208008617442275 0.8483322248425034 1.074675210473102 -0.3065266095552981 -0.8843452446256883 
-1.6760529002259816 -0.37159781311047757 1.7766000121057055 0.20208008617442275 -0.34650611095783157 -0.7115785843575999 0.8816172464077772 -1.4626159844895676 1.2574991974176677 1.2464261478432488 0.8009505283906289 0.18723186084731003 
-1.6760529002259816 -0.37159781311047757 1.7766000121057055 0.20208008617442275 -1.183985040467101 -0.5755720776643414 -0.0919511993978106 -0.37019400920197265 -0.33017931223320574 0.5989968519957669 -0.6328686876104439 1.1757165127300397 
-1.6760529002259816 -0.37159781311047757 1.7766000121057055 0.20208008617442275 1.7002084108794366 0.13120866305650392 1.7578756453688351 -0.4911492591336213 1.6089597176632071 -1.4760123159803271 -0.7719379564596984 -1.8906752903515822 
-1.6760529002259816 -0.37159781311047757 1.7766000121057055 0.20208008617442275 1.7703108112789754 -0.1303397823876935 0.06253669287265007 0.6350565721429673 1.9178498944804994 0.49004099572007 -1.66978138181147 1.0707546054004893 
-1.6760529002259816 -0.37159781311047757 1.7766000121057055 0.20208008617442275 -1.5204334182327761 -0.6779259167416347 0.33300127656580836 0.594997983311659 1.5597270633067466 -1.4435711445194914 -0.16600260295514602 0.5120196837325093 
-1.5204334182327761 -0.6779259167416347 0.33300127656580836 0.594997983311659 0.33347819224408326 -1.6603586812174198 -0.07275174164807252 -1.8845770149126309 1.2291975786744453 0.7248598106352775 0.34580425438853357 -1.8175668878897735 
-0.7307679550824497 -1.6289952747656682 0.3496509875385061 0.841472417094149 0.2654724951701586 -1.798684939966984 0.9080477377921539 -0.5925140675103884 0.5064924098774601 -0.7508275959087412 -1.4701762981749815 -0.858044280198135 
0.2654724951701586 -1.798684939966984 0.9080477377921539 -0.5925140675103884 -0.0048243701241283965 0.530770168988075 -0.3078121335673569 0.6558266945597024 -0.6127318028209539 1.8616336504588067 0.3481951922249418 0.7893017312732962 
1.222627388613935 -1.7003032595093472 -0.49735122233243567 -1.8113653669690923 -1.68565180673945 1.837289075119788 1.1897230689813991 -0.3644441369592868 1.8423935661240698 -1.0455847696615157 -0.7015064127361565 -1.1238532616700816 
-1.68565180673945 1.837289075119788 1.1897230689813991 -0.3644441369592868 -1.6797249539399082 1.8093559154147063 -0.9306560484568323 -0.797198311821171 -0.3374807464117717 0.4591075342538513 -0.7691690882692184 0.47456059317439747 
-1.68565180673945 1.837289075119788 1.1897230689813991 -0.3644441369592868 -0.4318595634207787 -1.9412307264137092 -1.096862522740199 -0.34672660644143916 -1.789711014143296 -1.8229966610570725 0.6455402448256913 0.15988388585104119 
-0.4318595634207787 -1.9412307264137092 -1.096862522740199 -0.34672660644143916 -1.7599887423073541 -1.2526291641061529 -1.8539359813358294 -0.08740401322059554 0.509533514138325 -0.35908038276347387 1.7650010870582085 -1.6018664150617106 
-0.4318595634207787 -1.9412307264137092 -1.096862522740199 -0.34672660644143916 1.8599753129949121 -0.2247360120474351 1.079041942907192 0.6753627152970498 0.7726975582054125 -0.8371319258342407 -0.02932550414923707 0.12283080029230042 
-1.0046502321031885 1.0630978071362351 0.45183003777995356 1.6381976063091268 0.1629661766346011 0.6046435732954749 -1.997238290479718 1.4708491304666969 0.889297032696962 1.6655995553441127 0.5610438087949641 -1.9610650864240258 
-1.0046502321031885 1.0630978071362351 0.45183003777995356 1.6381976063091268 -1.3905856430408328 -1.0413255744681038 0.2865741467215548 -1.6275881234408587 0.7722530617223193 -1.6460935160819359 -1.6831580052157715 1.179609479588379 
-1.0046502321031885 1.0630978071362351 0.45183003777995356 1.6381976063091268 -1.8156303609603288 1.293675622827661 1.8806019384294257 1.365148793952355 1.9793402355650098 0.2942371506692498 -0.7826922639944138 -1.0819748488029806 
-1.8156303609603288 1.293675622827661 1.8806019384294257 1.365148793952355 1.2748866214849754 -0.5951450483598282 -0.7630621155902855 -1.89721919920256 -0.6842925270480773 0.13104656972383077 -1.3622581689236712 -1.5295822511467638 
-1.8156303609603288 1.293675622827661 1.8806019384294257 1.365148793952355 0.165857856412162 0.3114244424501056 0.29139774574082367 -0.4852684383880774 1.2122275806283498 1.6694880324928012 0.5867041415135006 -0.4546583588502364 
-1.8156303609603288 1.293675622827661 1.8806019384294257 1.365148793952355 0.6131327495160357 -0.6453035313529716 1.8905840025248186 -1.9595032238080687 0.8847540936560687 1.401071888502977 -1.1767866691437394 1.7367839590204897 
-1.8156303609603288 1.293675622827661 1.8806019384294257 1.365148793952355 -0.9968082869142818 0.50994428829619 0.6934126769381721 1.7486601846218388 1.8519899111699414 -0.181079168255315 0.5643236383248924 0.08851468736089041 
-1.8156303609603288 1.293675622827661 1.8806019384294257 1.365148793952355 -1.381769579781822 1.9486463309372826 1.780436802889672 -0.03969471468837815 1.3744341080542468 1.1103874641607776 1.76987667297748 0.09767373918315814 
-1.8156303609603288 1.293675622827661 1.8806019384294257 1.365148793952355 -0.9419411370762414 -0.3763390741052608 -0.9732767053272839 -0.8010619031998929 -0.5125081943894201 -0.20524548230029938 0.16712902172446853 1.3488788921070825 
-1.8156303609603288 1.293675622827661 1.8806019384294257 1.365148793952355 -1.2418662437537393 -0.19462615489029522 0.652582230769573 1.452376333784004 1.4020114961986017 1.9893047714805974 1.5020982092918898 0.3014939972529711 
-1.2418662437537393 -0.19462615489029522 0.652582230769573 1.452376333784004 -0.7831923320684426 -1.0419318834679183 0.5638628029256463 0.5572957538914909 -1.8054045032374866 0.44418141921755616 -1.1285098259417103 0.3525251033669887 
-0.12088846896708683 0.8623552858825057 1.5302290053146792 1.3541642611314 -1.2079763559780723 -1.8335596573442894 -1.5633602032434277 -1.8344235322231341 -0.49887609787457876 -0.3074718024539167 1.9395127170309263 -1.9028166085720253 
-1.2079763559780723 -1.8335596573442894 -1.5633602032434277 -1.8344235322231341 1.4841357755230624 -0.13366381508322167 1.5496864545070697 0.551511554272464 -0.5356556378524511 -0.5065060468836178 -1.5088863239107706 1.857930063505072 
-1.2079763559780723 -1.8335596573442894 -1.5633602032434277 -1.8344235322231341 0.5486611774293215 1.117476798909454 0.1875685999144423 -1.253789668455307 1.5175088134265602 1.2729221954009327 -0.5924530429241748 -0.7863696941387763 
0.5486611774293215 1.117476798909454 0.1875685999144423 -1.253789668455307 0.44549510194521647 1.4934847902782287 1.503833056729515 1.8686782203583814 1.5788339061295402 -0.97207589503962 1.533848412966758 -1.7237583699510042 
0.5486611774293215 1.117476798909454 0.1875685999144423 -1.253789668455307 0.6467650099181919 -1.107799201030761 -0.7603727620716572 -1.4639954157077706 -0.6640250451221426 -0.9979539451799031 1.7050002765200398 1.66432199868528 
0.6467650099181919 -1.107799201030761 -0.7603727620716572 -1.4639954157077706 0.5449602166396641 -1.925388981560399 1.2519974582466857 -0.7714260138252365 -1.9681779258264762 0.008867729019800485 -1.9445632325677242 1.9768589446564384 
0.6008809950821683 -1.0617254308703106 -1.8684474377642486 -0.6985127875833852 1.4381065491021552 1.0793685698799105 -1.0141528161241542 0.6296484280700967 0.8244885193408931 -0.8490507186278697 -1.8490698490936137 -0.1358245647854539 
0.6008809950821683 -1.0617254308703106 -1.8684474377642486 -0.6985127875833852 1.7524018042442804 0.8104122982794921 -0.3584540490924111 0.3833699580275103 -1.9930687477903506 -0.37897361480187053 0.33943397028738787 0.9135584511653718 
-1.7110991225043644 0.6820071238767627 -1.3632572172707986 -0.31629938274397595 -1.1766528602835016 0.950492479030602 1.973696503278639 -1.7500237387692654 -0.39090681991811005 -0.47651256352809757 -0.5465339756348877 0.6756168353584426 
0.6144531139858764 0.06463717317480455 0.5846508990537469 -0.5253201852582667 1.2141716052320737 -0.1869232754321528 0.14859187250370676 -1.9796918351011628 0.29510396817511886 -0.9383199856181421 1.48872096100829 -1.0322039664732592 
1.2141716052320737 -0.1869232754321528 0.14859187250370676 -1.9796918351011628 -0.18490566912825646 0.8384653882066813 -1.7096947357304075 0.22515309875973832 1.2073650234210858 -1.7927807719894107 1.5575796974044653 0.23311588031182762 
1.2073650234210858 -1.7927807719894107 1.5575796974044653 0.23311588031182762 -1.2713490161767567 0.7177266487242622 -1.1992840426052038 -0.8881835085883334 -0.11170774247660153 1.4231767241085187 -0.28877929159849547 0.014476602035772501 
-1.2713490161767567 0.7177266487242622 -1.1992840426052038 -0.8881835085883334 -0.893077738196967 1.3925825064812436 1.7964553990418128 -0.1570131558980168 1.9005013261488957 -1.2404742332494352 0.7584379311038809 -1.3144181753861042 
-1.2713490161767567 0.7177266487242622 -1.1992840426052038 -0.8881835085883334 -1.0302383841803007 1.878748672339837 1.8589514078419391 -0.31966399325905215 1.6204247956195417 1.2513246475380382 0.01395213068766843 -1.0858601870976092 
1.3719248648943734 -0.7295723797279012 -0.8382020776071029 0.299267378258425 -1.4222847089772155 0.744744477717477 -0.20709287247917363 1.0731022229515053 -0.8091878896457043 0.28463179747956113 0.40202263088135837 0.09477822270950975 
-0.8091878896457043 0.28463179747956113 0.40202263088135837 0.09477822270950975 -1.038038242514272 1.867672766277698 -0.8659131217659559 1.4938983410675784 0.5949447211024506 -1.6248871953466653 -1.24798392342993 1.7048447045331008 
0.5949447211024506 -1.6248871953466653 -1.24798392342993 1.7048447045331008 -0.1251545724012164 1.5419352192334799 -1.4037038363989849 -1.4991470137461733 0.7186423012049978 0.31272600499744074 0.11770299806508033 -1.1086993964108331 
0.5949447211024506 -1.6248871953466653 -1.24798392342993 1.7048447045331008 0.5905068283720443 0.6591538767149756 0.029367530374470707 -0.3412683987488321 1.1299821064297797 -1.684072075330734 1.9342915274415522 1.8557261691229132 
0.5949447211024506 -1.6248871953466653 -1.24798392342993 1.7048447045331008 -1.6627008406441672 1.4149310281622691 0.6959383375443347 0.025888577551346437 1.9876623712219543 1.3302468107896654 1.693916502133657 0.206921446336088 
-1.6627008406441672 1.4149310281622691 0.6959383375443347 0.025888577551346437 -1.4483640670749924 -0.45140022320843665 -0.8178219354015841 -0.2740768506331328 -0.9250857186280141 0.152501717618577 1.7204306343247548 -0.20974904724481513 
-0.9250857186280141 0.152501717618577 1.7204306343247548 -0.20974904724481513 0.7737611597474099 0.18841207649411196 -1.6713870844131677 1.8998346113718187 1.3198667883647812 1.480682728053004 1.9380282328440837 0.6880007599079936 
-1.1309978945451378 -0.9846615416180211 -1.6464670122773546 -1.7450585034010708 -1.4276358890049283 -0.44222263260471983 -1.8808669297645908 0.990639952364575 0.28334898626977 -1.6172629857130305 -1.3728427835180121 1.921619107963065 
-0.566283821122223 0.18503195097785774 -0.864137262812025 -0.12295690396507952 -0.13297650982916842 0.842636820179766 -0.3430096389116133 -1.304543775891284 1.5999108727184002 0.4696065117601109 1.0449399120384562 -1.6464227703379377 
-0.13297650982916842 0.842636820179766 -0.3430096389116133 -1.304543775891284 0.3061975846015068 -1.3643670666034176 -0.6304603406691389 1.7073179297273917 1.9194947236455993 1.0521906162774601 0.9381234533233531 -1.0415266650988686 
-1.7132242443896661 0.6790830082922272 -1.8569876079559067 1.921832161433029 0.08903665990440057 -1.3612018034599287 -0.9023037657261086 0.9936293373335912 -0.5477766930028727 -1.1071475966298214 1.7700035676626849 0.44635670176810516 
-1.7132242443896661 0.6790830082922272 -1.8569876079559067 1.921832161433029 -0.7226215682821255 -0.0023358652154370496 -1.3580464823334584 0.7822805192846491 -1.9960645804094508 1.2750345335443232 1.152324482546732 -1.9113133290954054 
-1.7132242443896661 0.6790830082922272 -1.8569876079559067 1.921832161433029 1.4355721850457517 0.906011050717086 0.38254450706908516 -1.943216215128908 -0.44952651668141463 -1.8080000522427815 -1.8412762941267102 1.6981730294756572 
-0.44952651668141463 -1.8080000522427815 -1.8412762941267102 1.6981730294756572 0.3453948059637195 0.5882636119868332 0.39855250713415247 0.4027974884011112 -1.8311268965557086 1.4162803326933937 -0.8165581778090871 -1.7966302268073693 
1.6448911016497836 -1.058891421755729 -0.5756400287336669 1.5538647352749821 0.6009680766178818 1.5322079867831313 1.580672978453229 -0.7917866916310152 -0.6862027295583153 0.41982181370968874 -1.7995166880441422 -1.5511528509520272 
0.6009680766178818 1.5322079867831313 1.580672978453229 -0.7917866916310152 -1.992365526558892 1.4194663092298914 -0.5534097677641974 -1.1920603158644947 -0.6358788629391823 1.2554645753942761 -1.292464192767572 1.454597879157809 
-0.7068265841405132 -0.9817247141870564 -1.7759125325353375 -1.1264592952862449 1.3279435098544075 1.6677138487030025 -0.4101148679716107 1.7053740479666244 -1.8026726715251002 -0.9923988091334799 -0.8011032051223115 1.8985603432978566 
1.3279435098544075 1.6677138487030025 -0.4101148679716107 1.7053740479666244 -1.2566080430890594 -1.0767881700027564 -1.6888366411978133 -1.3497935760352795 1.735020672106529 0.47755798890016665 1.8389311954068366 1.5189691470227547 
-0.974919917505118 -1.6825348807439306 0.05490114389109868 -1.624721084175491 0.32107799172489093 0.9577087997444527 0.5703635140732928 -0.4067662827461964 -1.5336474877292594 -1.0541051973009834 -0.4578845827157756 -0.18197419758211142 
-1.5336474877292594 -1.0541051973009834 -0.4578845827157756 -0.18197419758211142 1.0555360582644768 1.5610471560771915 -1.1100353861606123 1.7837517429822873 1.1610209645644547 -1.9576492159795196 -0.04454576311040448 -1.626504639980376 
1.0555360582644768 1.5610471560771915 -1.1100353861606123 1.7837517429822873 -0.6128903755866961 0.8249023590845534 1.2591969759919843 0.853610823944682 1.176086866440146 0.18775280497348268 -1.453497528385375 -1.5237281333738473 
-0.6128903755866961 0.8249023590845534 1.2591969759919843 0.853610823944682 -1.645195944954216 -0.19034976398510794 0.1293807737300252 -0.20239197547745347 1.1114256594448846 0.03144391104121569 -0.6215463293058963 0.31091336414040915 
-0.6128903755866961 0.8249023590845534 1.2591969759919843 0.853610823944682 1.0446683330499953 -1.2702218421166958 1.8857695199792754 -1.6300728485302565 -1.3593093785978434 1.139072930111999 -0.9044283014440198 1.4939368836896598 
1.9526551693613605 -0.750983010677786 0.1399277261402756 1.4561296658206069 -1.2310869325474498 -1.3074129581195706 1.6141556044419918 1.196209432523394 -1.2006677188228418 1.0427665444268213 -1.37174457877853 0.1822172101857813 
-1.2310869325474498 -1.3074129581195706 1.6141556044419918 1.196209432523394 -0.9673121572457597 1.4699372386857674 -0.13941246067688118 0.7077393594765038 1.0150145644467017 -1.1320864936809873 0.5941050675248691 1.430500331941873 
-1.2310869325474498 -1.3074129581195706 1.6141556044419918 1.196209432523394 -1.3407723747580609 0.38022906669973056 -0.9657713481049934 0.9925543049789374 -1.5128052059710408 1.5303491017838353 1.1167045103025002 -1.7269709286670083 
-1.2310869325474498 -1.3074129581195706 1.6141556044419918 1.196209432523394 1.454310768162145 0.3111158562329188 -0.7490648863955918 -1.231413072678059 -1.5835828657368531 -1.28263905019123 -1.6793828122899872 -0.9799015294906059 
-1.2310869325474498 -1.3074129581195706 1.6141556044419918 1.196209432523394 -0.9055261851389549 -1.0117530696197061 -1.1406611255905044 0.0014545561230447923 -0.2620612541759644 -1.9938790444706123 -1.505784075472171 -1.039889402463463 
-1.2310869325474498 -1.3074129581195706 1.6141556044419918 1.196209432523394 -0.6215020444062946 0.11033200588089054 -0.7977766421140156 1.0152570434008612 0.9885388738586487 1.5987322119303449 0.5437470271392622 0.7050166172398824 
-1.2310869325474498 -1.3074129581195706 1.6141556044419918 1.196209432523394 -1.1627374897737455 0.35009732848879116 -1.3337179509591612 -1.043772108867512 0.02730974115187168 0.9202919730157859 0.3707936709928874 0.8837384679628886 
-1.2310869325474498 -1.3074129581195706 1.6141556044419918 1.196209432523394 -0.0355243262903584 0.704652242386079 0.33127445748847206 -0.6890528163336902 -0.733530045293457 0.7717838596778592 1.5481126580857607 0.3263834921676749 
-1.2310869325474498 -1.3074129581195706 1.6141556044419918 1.196209432523394 0.8040265164435123 1.1510023069656095 0.8957076111986608 -1.7865756240296355 1.174273450310508 0.42573526053435184 -0.8970845734293249 -1.3377917105127546 
-1.2310869325474498 -1.3074129581195706 1.6141556044419918 1.196209432523394 -0.782286253605025 -1.876493558536322 -0.44161525769897336 1.3902086148059127 1.775567716012831 1.7158525035179215 0.576125483303672 -1.2079192884800012 
-1.2310869325474498 -1.3074129581195706 1.6141556044419918 1.196209432523394 1.0474388852727357 -0.5550929322506062 1.6680647065967307 -1.8661978611027599 1.3062403447127489 0.5554011645050556 1.8599367139694323 -0.9155160015004502 
-1.2310869325474498 -1.3074129581195706 1.6141556044419918 1.196209432523394 -0.08032936561000836 0.556249811453259 1.0147709720751816 0.5961399572909101 -1.761486469181457 -1.516183215997473 0.7327217034049394 -1.8339057996633885 
-1.2310869325474498 -1.3074129581195706 1.6141556044419918 1.196209432523394 1.6355240766042414 1.760161441325078 0.03571302404248078 1.6763480260910382 0.7411903535661137 1.123416508949878 1.3474057414631875 -1.2446851118522835 
-1.2310869325474498 -1.3074129581195706 1.6141556044419918 1.196209432523394 -0.12003794416679003 1.2540215829386847 1.7029381343833512 0.3346479998496883 -0.39026633669806543 -1.1663603718849211 1.6540073011697154 -1.4601267281163905 
-1.2310869325474498 -1.3074129581195706 1.6141556044419918 1.196209432523394 -1.6659610633829973 0.7507150397853151 -1.0633483995937105 -1.153376054688295 0.20047631756056683 -0.791585942320177 1.2744460538006877 1.784650160275219 
-1.2310869325474498 -1.3074129581195706 1.6141556044419918 1.196209432523394 1.4332073345593654 -1.0988407219471732 1.8101427767955025 0.7712094668449692 0.9122439359916013 -0.34228652494908074 -0.6243165918947402 0.07704613099131663 
-1.2310869325474498 -1.3074129581195706 1.6141556044419918 1.196209432523394 1.031654312023237 1.7143383119957982 1.1059146489794207 -0.414693081890082 1.310401330261746 -0.30913516654104267 0.3196284234742537 1.0747848367500077 
-1.2310869325474498 -1.3074129581195706 1.6141556044419918 1.196209432523394 -0.05962095571452419 0.03932102019388539 -0.9529738968660242 -1.7681131685258271 -0.7152195448925225 -1.9849595586461128 -1.8815090043345983 1.5068013250149508 
-1.2310869325474498 -1.3074129581195706 1.6141556044419918 1.196209432523394 0.5700652628922462 0.45370848959596355 0.3841586291948018 -0.10208980927811595 0.674128842152669 0.4167968013668957 1.4495111998927261 -1.2705769826812485 
-1.2310869325474498 -1.3074129581195706 1.6141556044419918 1.196209432523394 -1.1016949766150992 -0.4168570258832749 0.8879879707961509 1.4047492394254517 -1.4418532282231267 -0.6039055933198889 1.3483288291710789 -1.9735380523977986 
-1.2310869325474498 -1.3074129581195706 1.6141556044419918 1.196209432523394 0.6555538228834847 -1.5012570915022918 -0.7814726689352689 -1.8543663832429167 -1.357588409353145 0.6806092053869395 1.109776232044556 -1.3697533922519902 
-1.357588409353145 0.6806092053869395 1.109776232044556 -1.3697533922519902 1.681598014385631 -0.45452481458099747 1.210478138093603 1.385470083615973 -0.5903331408431547 -0.21429755827092523 -1.989926976630119 0.5092525008247253 
-1.357588409353145 0.6806092053869395 1.109776232044556 -1.3697533922519902 -0.4281545267147342 0.04933815271343267 -1.6803633575181043 0.18462754271616655 -0.7772444007091295 -0.98819404512049 1.6464929262654042 0.8785058698919763 
-1.357588409353145 0.6806092053869395 1.109776232044556 -1.3697533922519902 0.5985761367445352 1.7477919316026354 -1.2274047986548462 0.8672457344933733 -1.0612448274782467 -1.0364969079626505 -0.2303077356490788 -1.3103106730445746 
-1.357588409353145 0.6806092053869395 1.109776232044556 -1.3697533922519902 1.7676070262306371 1.3936793385355921 -1.3854420814784496 -0.1129821297811362 -1.060229508252446 -1.7748446938868168 1.9150877462860691 0.016253083783010602 
-1.060229508252446 -1.7748446938868168 1.9150877462860691 0.016253083783010602 0.8266861404721917 1.900303715287289 -1.646885135527416 -0.3763472762939237 1.1818269168945474 -1.001600079952253 -1.807250064949422 0.883650429546301 
-1.060229508252446 -1.7748446938868168 1.9150877462860691 0.016253083783010602 -0.32365058034033733 -0.7777307486315426 -0.06416653916606752 1.6326945969089626 1.8282204125923536 1.851733059970829 1.8418185670749474 0.7221156961147623 
-0.32365058034033733 -0.7777307486315426 -0.06416653916606752 1.6326945969089626 0.22640045767414563 0.39622414587714516 -1.5698408037623235 -1.2315142249984414 -0.5265926778093153 1.9361158630307878 0.12849196279241282 -1.6900945032297074 
1.6290908931606674 -1.1468524446808943 -0.9178390360644291 -0.5438435669813542 1.9319603193394017 0.013316362662636028 1.2239328948285153 0.2813123014055283 1.1144809429677145 -1.263729557553789 -1.8437170577723498 0.5574890535196966 
1.6290908931606674 -1.1468524446808943 -0.9178390360644291 -0.5438435669813542 1.8173593476853647 -1.7420516542735278 0.44190700911835856 -0.714245154075317 1.2233240488902202 -0.21418500442699484 1.2715172539202526 1.112458803911839 
-1.6247856318075735 0.2704602413132493 1.9108354120454365 1.7058756539905962 -1.2804309541276413 -1.5923880857752768 0.3698539779375287 1.5686200706441173 1.4940570209919506 -1.8130299276269741 1.371207904762596 1.859137444149133 
-1.6247856318075735 0.2704602413132493 1.9108354120454365 1.7058756539905962 -0.6514714806862232 0.8305279147229814 -1.3715777677363161 -1.389393156238647 -1.114828012144454 0.721144539537776 -1.1729707077763947 -1.6205833488919352 
-1.6247856318075735 0.2704602413132493 1.9108354120454365 1.7058756539905962 0.5841750798626375 1.1881936050137454 0.9122258222332058 0.23664350689749725 0.6481023031172151 1.39683233929658 0.7814954593592729 1.208265687648621 
-1.6247856318075735 0.2704602413132493 1.9108354120454365 1.7058756539905962 1.254299859626903 0.7620483190363911 0.27746441794499344 -1.4124420782576879 1.1554945657089823 1.7390054012566223 -1.6347959028825119 1.8089704745527908 
-1.6247856318075735 0.2704602413132493 1.9108354120454365 1.7058756539905962 1.4530328965933519 -1.1198230743925728 -1.4256377526488406 -0.343993255737959 0.06907456709008652 1.955392381263485 0.3372320960559656 1.4674177883026607 
-1.6247856318075735 0.2704602413132493 1.9108354120454365 1.7058756539905962 -1.619992937778322 -1.1855170472625338 1.08298870618668 -1.3897136119663256 -0.7767744786975896 0.04025015999176995 1.7480538122397342 1.2715280621235499 
-1.6247856318075735 0.2704602413132493 1.9108354120454365 1.7058756539905962 0.33671243287289343 -1.6695282168983216 0.10907590054775618 -1.9223050915138744 0.21385876921243963 1.6907949487750327 -1.8156429345182485 0.24697587703150292 
-1.6247856318075735 0.2704602413132493 1.9108354120454365 1.7058756539905962 -0.4660987388820037 0.24670246020782072 -1.8361933733544955 0.8726667267210519 -0.20903425989541047 0.41103409825701265 -0.2451237981950567 -1.3571481103027647 
-1.6247856318075735 0.2704602413132493 1.9108354120454365 1.7058756539905962 -0.6529920958381288 1.3353221944935618 0.40663102474745916 0.18811570604962258 -1.375737542579735 1.41597984831742 -0.317714532119294 -1.668622806519274 
-1.6247856318075735 0.2704602413132493 1.9108354120454365 1.7058756539905962 -1.5406107224524979 1.6879577330151854 -1.227676487491713 1.7451249393630515 0.4890431959568269 -0.6532813418575905 1.8166040089104207 0.5712507770085149 
-1.6247856318075735 0.2704602413132493 1.9108354120454365 1.7058756539905962 -1.9270629005785898 -0.11513068019351147 1.887419261558939 -1.1207915876513113 -1.4175067718776062 1.4380780211779616 0.5272225539423059 -1.3611746013144872 
-1.9270629005785898 -0.11513068019351147 1.887419261558939 -1.1207915876513113 1.3943369181930567 1.673502976747693 -1.02605016876061 1.8577262161031887 -0.9932875324314066 -0.6608884900911285 1.1417630213301044 -1.3707372672375144 
-0.9932875324314066 -0.6608884900911285 1.1417630213301044 -1.3707372672375144 -1.5377440778943794 1.4302385895214456 1.2926552509487599 0.9949294290515431 -0.3924894452743848 1.5055459382649348 1.5827484580194664 -1.3155188729897107 
-1.5377440778943794 1.4302385895214456 1.2926552509487599 0.9949294290515431 1.433025081611651 -1.6692348253838012 -1.6586595640553878 -1.6514014399569494 -1.5529096969947815 0.9960655065467394 0.12687320909066369 1.4853940223677697 
-1.5377440778943794 1.4302385895214456 1.2926552509487599 0.9949294290515431 1.450882909685249 -1.9842080470762729 -0.5266720615511606 -0.9144924607411484 0.1553702411782698 -1.0860372402170015 -1.2745306949706587 -1.2314723195908837 
0.1553702411782698 -1.0860372402170015 -1.2745306949706587 -1.2314723195908837 0.3042790414687251 0.6718177402853853 1.5447838351335128 0.25042305054625214 1.7029546618526075 -1.867157739929195 1.9431648275040634 0.5720503877570775 
-1.9866226205713424 -0.48277697735240555 -0.020296579265764336 1.5059638934917974 -0.8237287789237642 -1.174463360598688 -0.45827438299960654 0.5795493971879409 0.2826676969415307 -0.49784710115994724 -0.3315570139568522 1.6970366792514744 
0.2826676969415307 -0.49784710115994724 -0.3315570139568522 1.6970366792514744 1.3269610506465277 -1.9684578922171143 0.7345543556885694 0.15102069126752404 0.6867075236601323 1.1791714446690555 -1.2936622194797303 0.8690577745017762 
1.3269610506465277 -1.9684578922171143 0.7345543556885694 0.15102069126752404 1.983237046085979 1.2698980219535851 -1.5211867594343778 0.806150078960385 0.49819893023400663 0.9390638637151612 -1.6383681312086398 -1.842638109818136 
1.0588756027069506 -0.3534343714136927 1.1843588357188604 0.312469951016213 -0.007249342776749934 1.736857128551749 0.6636301181631925 -0.7273177979311125 -0.8529959111054728 0.868520840687327 -0.11955878198203296 -0.30897071462927306 
1.848847323479637 -1.633582742813644 1.3144996283859238 1.1857105584002765 -1.4240437162636712 1.3978206309021464 0.08308367942681771 -0.2819103403832388 -0.7760396287251079 -1.4189659387754894 0.17774103106923222 -0.04116554512477988 
-1.4240437162636712 1.3978206309021464 0.08308367942681771 -0.2819103403832388 1.9514838968076664 1.1402512204294428 1.0199312585984295 0.20778087801100797 0.18427273621214812 0.6135431772015356 1.3846836912820089 -0.015252862503979614 
-1.4240437162636712 1.3978206309021464 0.08308367942681771 -0.2819103403832388 0.6680378140218366 1.8432532324410582 0.3405977407270191 0.1755820849224481 0.1421503875221366 1.5792952161201765 1.7579893240648117 1.4584095377038078 
0.1421503875221366 1.5792952161201765 1.7579893240648117 1.4584095377038078 1.0292563040732836 -0.11815841654376635 -1.409965042390625 -0.9247091231782236 -1.2356406076472006 0.4692075550001209 -0.8412550015745177 -1.4826756406840658 
1.0292563040732836 -0.11815841654376635 -1.409965042390625 -0.9247091231782236 -1.8556833606916316 -1.1823647333780931 -1.382237632265888 1.0904634091278327 0.5291921361941805 0.780914149348376 0.8538707315531635 0.26835340292773324 
0.2754976059867049 0.11797538938579333 -1.8871601914190892 -1.3951803677767933 0.9549904532741236 -0.6431615826665551 -0.45352136267679066 -0.9644179468736858 0.3334011947543085 -1.1017446163845053 -1.156101827124104 0.13729171288318875 
0.2754976059867049 0.11797538938579333 -1.8871601914190892 -1.3951803677767933 -0.29405745285764473 0.6682804304159404 1.6766656158007232 1.7645477718613876 -1.849327189987363 1.776224960579623 -0.6416676898945335 -0.25078433043227033 
-0.29405745285764473 0.6682804304159404 1.6766656158007232 1.7645477718613876 0.43913574489329354 -0.007470129517176627 1.1422875530639645 1.1023372210916782 0.023529117425844515 -0.7091660921241507 -0.7460659192494035 0.531797454699479 
0.023529117425844515 -0.7091660921241507 -0.7460659192494035 0.531797454699479 1.99911676084775 0.047441947231399606 0.6826105602647101 1.6499095691926429 -0.5009919043494513 -0.6373093666465532 -1.59212072079529 -1.5067291191838592 
0.023529117425844515 -0.7091660921241507 -0.7460659192494035 0.531797454699479 -1.2828083911310775 -0.08543489111176505 -1.4001580618395453 -1.342134900127892 1.025745342192646 -0.7227577624330737 -0.8676960273963759 -0.7394632184900005 
-1.2828083911310775 -0.08543489111176505 -1.4001580618395453 -1.342134900127892 1.5924321380337565 -1.4739971182065754 -0.4284202015948946 -0.48470017753539096 -0.9785072535157004 1.4399630428711845 0.2582094448378718 1.2515381088123712 
-1.2828083911310775 -0.08543489111176505 -1.4001580618395453 -1.342134900127892 -1.7682385554872084 0.8282900267258628 -0.6921128770474283 0.7648174969330119 -0.6527409582745749 0.030899582945004056 -0.7878986024624224 1.58582187116022 
-1.4161401861240863 0.7835776730474717 -1.6772959137112249 -1.6532880994130474 -0.7102252226322312 -0.2266009872532493 -0.07293501660296497 -0.43309419934963334 1.418797400675329 -0.5652107292634589 -0.9150518803301462 1.444614634495756 
-1.4161401861240863 0.7835776730474717 -1.6772959137112249 -1.6532880994130474 0.6688432767949366 1.058987745573246 -0.3827898316082514 1.9412159848291908 0.991179100156764 -1.0362863756088396 1.7403983478194798 -0.19459910941211422 
-1.781948407500023 0.8757822033636891 0.8485915565317503 -1.353498846370953 1.9387691953627542 -1.5301122759275136 0.023447271217182042 -1.409874993690356 -1.5175064342769788 0.45980880082522946 1.7530646083623127 0.11966901655205486 
-1.5175064342769788 0.45980880082522946 1.7530646083623127 0.11966901655205486 -1.593561705246679 -0.48872209374469433 -0.8096673237098662 -1.6710696620364254 1.8778945422385345 1.304630973195919 -1.7544690392650915 -1.0508334309463483 
-1.5175064342769788 0.45980880082522946 1.7530646083623127 0.11966901655205486 0.5330521997099096 0.7405173782213792 -1.489960646406133 1.8210883389247372 1.3414916672332566 -1.9464407892939586 1.9585841538903268 -1.0738959821082252 
-1.5175064342769788 0.45980880082522946 1.7530646083623127 0.11966901655205486 -1.6005284203960821 1.7887500199213995 -0.6904240955736562 1.673740981455151 -1.8255712336751166 -0.9276669537214111 0.7926800856222576 -0.9838213348844476 
-1.5175064342769788 0.45980880082522946 1.7530646083623127 0.11966901655205486 0.35067800343635325 -0.10828771479216925 1.6850655866177204 -0.23453482558487915 1.0593003443537325 -1.7936337436243734 -0.7232438196382032 1.4529051890915317 
-1.5175064342769788 0.45980880082522946 1.7530646083623127 0.11966901655205486 -1.5411867098327252 -0.4698594675140053 -1.3862738347646753 -1.6325729623484713 0.06255273019807062 1.1526812826742492 0.8227330794996943 -1.3157375345414803 
-1.5175064342769788 0.45980880082522946 1.7530646083623127 0.11966901655205486 -0.5174570765011275 1.1272806354696212 0.40477006088480616 0.10775697395160444 0.09864975033752454 -0.433416519921364 0.8044983462156088 -1.7887207582593234 
-1.5175064342769788 0.45980880082522946 1.7530646083623127 0.11966901655205486 -1.2157021515910067 -0.5590837244067139 -0.9270870229960919 -0.4535872362157263 -0.36623549857167426 -1.8820153453098087 -0.4310298223489477 1.5226675747187333 
-1.5175064342769788 0.45980880082522946 1.7530646083623127 0.11966901655205486 1.0793646749784123 0.4835702617365265 0.5437126305779567 -0.7443697570481538 -0.5199961626437077 -1.761917384515662 1.6230161991383074 0.8728548832957479 
-1.5175064342769788 0.45980880082522946 1.7530646083623127 0.11966901655205486 -0.3782108876493804 -1.9892342550484043 -1.1953420920441387 1.9331430260806415 -1.519434946015401 0.9547349345027465 -1.0641194891357784 -0.2739973820271353 
-1.5175064342769788 0.45980880082522946 1.7530646083623127 0.11966901655205486 -0.5872878073493193 -0.8052288809189294 -0.15072915143514853 -0.2992540300183082 -0.5600121337463997 1.9199831820614324 -1.9876630969706417 1.2244222652872936 
-1.5175064342769788 0.45980880082522946 1.7530646083623127 0.11966901655205486 0.5796056013320099 -1.331600236375019 -0.7150363141554679 -1.17756669191966 -1.7792068377120471 0.6426592740254797 -0.8959627332116984 -0.11710114294765583 
-1.5175064342769788 0.45980880082522946 1.7530646083623127 0.11966901655205486 0.8318826454911044 -0.1500162857809788 0.055863664943591296 0.9471175202503153 -1.0343039291812142 1.1628694255365102 1.7531288136870917 1.5950683013487756 
-1.0343039291812142 1.1628694255365102 1.7531288136870917 1.5950683013487756 0.409380626353927 -1.501134786871058 -0.6732734796244331 -0.21338627861863158 1.6172237290438827 -0.8877939901683702 -1.5828821086428624 1.185798583035488 
1.6172237290438827 -0.8877939901683702 -1.5828821086428624 1.185798583035488 -1.8127223787724511 0.7100910789823511 -1.361699073568385 -0.5512713640343936 0.57161115938134 -1.2118591943708976 -1.655844886728207 1.5325434792373471 
-1.8127223787724511 0.7100910789823511 -1.361699073568385 -0.5512713640343936 1.4206246963883418 -0.9525999861363252 -0.2870904071638236 -1.9260830394877853 0.5220297628035171 1.062319947687917 -1.3141690502474401 -1.4005537564557797 
-0.13654757346547441 1.599394470511002 0.6323220356288655 0.9573791970304963 -1.5041231981012593 -1.5898817139801222 1.9463699162075212 -0.2283694434032686 1.931248931671266 1.417868701094673 1.9137861703147148 0.21953069674102998 
0.991186514173064 1.1049147275865803 1.3075149089431228 0.3632970607459125 1.2505957969189367 0.8442920401034031 0.7932546728412526 -0.45706413208885754 -0.976747723266385 -0.49512248116176805 0.6716422073382255 1.5677869603829477 
-0.976747723266385 -0.49512248116176805 0.6716422073382255 1.5677869603829477 -1.108607962645606 -1.5611693503172925 0.6195097962978311 1.3310432911744083 0.3572316109630629 1.993128739878729 -0.7103085733454075 -0.7798610223334914 
-1.2120034915474012 -1.8903667815302407 -0.6007937116949673 -0.9754049321287415 1.9727128094618078 -0.333943834167695 1.5572145933896335 0.5407339869782706 -1.817379949284566 -1.783259107708692 0.6975881653684808 1.4376820489731066 
-1.817379949284566 -1.783259107708692 0.6975881653684808 1.4376820489731066 -0.31181777198818184 -1.9669629309891148 0.4019427662728243 -0.9323845195283398 -0.8976310781744341 1.3104112580215834 -0.4292580753310453 0.24807782010364177 
-0.8976310781744341 1.3104112580215834 -0.4292580753310453 0.24807782010364177 1.8191521350947824 1.3613299988279497 1.3829256501691378 -0.2931738977673799 1.895027850183424 -1.7664714406244157 -1.1985769073508297 -1.2613921475380039 
-0.8976310781744341 1.3104112580215834 -0.4292580753310453 0.24807782010364177 -1.5949444376736435 -1.7444584993573113 -0.2897770130961468 0.9707420210438471 -0.7563758193692558 1.553945360964808 -1.6365045382893793 -0.3848831799781234 
-0.7563758193692558 1.553945360964808 -1.6365045382893793 -0.3848831799781234 1.4242732807788214 -0.6324980459919165 0.3826822641531966 -0.7824681345842524 0.46100684295874617 -1.6656906326658492 -1.522897839541439 -1.9936819560286763 
0.46100684295874617 -1.6656906326658492 -1.522897839541439 -1.9936819560286763 1.647650687002841 0.2269455282589834 -0.558459294509694 -1.8177405212181785 -1.644485408445627 -1.0279526950703182 1.1963618842668255 0.7914510309286662 
0.46100684295874617 -1.6656906326658492 -1.522897839541439 -1.9936819560286763 -1.7651690866182514 -0.2390801061313912 -1.1247269170907974 1.7750789797127986 -0.8736882484734476 1.6117772881229913 -0.6875941666982839 0.8069115173069159 
0.46100684295874617 -1.6656906326658492 -1.522897839541439 -1.9936819560286763 1.4495322874874628 -1.7402511946585557 0.11015495971629097 -1.4472000292357965 0.781038307757056 0.1685542400939819 -0.9912554860114344 -1.6790176853409817 
1.944118206881852 0.9658595654973334 -1.3881722811482349 -1.711082483167337 1.1112388567640417 -0.14824838789021122 -1.8235095077516776 -1.3719625932582677 -1.483239063449063 -1.971752540005773 1.783236795810867 -0.9779026169921252 
-1.7770827475581354 1.2488737831353292 0.24282462716534692 1.7957120506223436 0.3309961089787796 1.793738397173311 -0.29030567900108073 0.147570579613149 1.3923546578751478 1.2460048475227032 1.0851690170304669 0.961921972882859 
-0.9256170850993062 -0.019558326810269477 0.3991365036453618 0.9378937305372874 -1.459586985430298 -0.2813929578779777 0.7773927637609113 -0.8686141547945927 0.2892937090341552 0.9673810426533578 -0.26404427297066047 0.4021295640610636 
-0.9599398565009025 1.5508322695981231 -0.7302928738978256 -0.5371402592088312 0.15746636255815538 1.182821633215196 1.714874918215103 -1.1152004437846577 -0.5909044570171353 1.278361140999324 0.22457072027918468 1.9416815495036523 
-0.9599398565009025 1.5508322695981231 -0.7302928738978256 -0.5371402592088312 0.03484063133615667 -0.5208039350204379 -0.00678021894030989 0.5572483930945036 1.68578424101656 -0.787757447995594 -0.28099361913105625 1.3693662731342031 
-0.9599398565009025 1.5508322695981231 -0.7302928738978256 -0.5371402592088312 -0.6265389121169411 0.22885452167111087 0.3627263276765569 -1.6622185141698695 0.4056763172339215 -1.6711924250421863 -1.4925776716699684 -0.651465463027483 
-0.6265389121169411 0.22885452167111087 0.3627263276765569 -1.6622185141698695 1.29114309651185 1.8506458106694348 1.9934236058345478 1.151872575109488 0.023003613659079658 0.4141226910252427 -1.1580176526212185 0.6333199706574626 
1.9527506970515565 -1.0655612320011882 0.41991015099598616 1.7178708650559336 0.7443335858642528 0.09954098035250558 -1.2453160115685145 -0.3883797495098844 0.5375023093002662 -1.300694445251013 -1.170598503991879 -1.5864178828806645 
0.5375023093002662 -1.300694445251013 -1.170598503991879 -1.5864178828806645 -1.0276765014600335 -1.5108146633030413 0.26365858203690173 1.2119405789939548 1.6717440680783517 0.8683446460241595 -1.7906970208204505 1.196941477603005 
1.0673716014569168 -1.8586494632520756 1.2725356748068974 1.5385077390089732 1.9290594025664105 -1.1382123686779 -0.5428254501273391 0.4942430021713755 1.6624881361961283 1.2641413904721985 1.1804361445606015 1.9378348517976476 
1.6624881361961283 1.2641413904721985 1.1804361445606015 1.9378348517976476 -1.4557093223125634 -1.1230246857401953 0.720720443825317 1.5577533445291931 -0.6540177000260923 1.2936506620478077 -1.3642275124519463 1.5590767862801016 
1.6624881361961283 1.2641413904721985 1.1804361445606015 1.9378348517976476 -0.5145410869660063 1.9084185043704927 0.22006921730584716 -0.9194375537215835 1.0878158542619336 1.046840745762852 -1.6403398208241962 -0.3489049134205531 
1.161912326946442 -0.7776047668378245 0.24329573611255562 0.828342039529677 -1.885988680391855 0.7764518793691559 0.892352961074335 -0.47497130309372304 -0.6223028785257863 -1.222881132006314 0.8390609574623151 1.889158548641749 
-1.885988680391855 0.7764518793691559 0.892352961074335 -0.47497130309372304 0.4046010712931656 -0.8273130072456203 -0.810431836470134 0.5172397091765122 0.29547233521719374 -0.3329069568244014 -0.5083916333795315 -1.541116048119886 
-1.885988680391855 0.7764518793691559 0.892352961074335 -0.47497130309372304 -1.3662390262329764 1.128881691290339 0.388106132443403 -0.6077619825935701 -1.8799463068015907 0.7066509265262497 0.8691992428689801 -0.24852239757178562 
-1.9487435199226164 -0.5141977406913973 -0.3099090681449357 1.858142413148288 -1.755880546986429 -1.3726743124290475 -0.15086078628884048 -1.6665346764901074 -0.8408334635915513 -1.2732623840926647 1.7067827158412925 0.36661546039524895 
0.1412113672835833 -0.4021720680236127 1.9769330832205227 0.03707955550185771 1.259803496677137 1.9675651015761946 -0.37659596517226523 0.49910874378123316 0.4075061945583447 1.729911339093197 -1.696729382270556 -1.242487338737603 
0.1412113672835833 -0.4021720680236127 1.9769330832205227 0.03707955550185771 -1.3545043599632853 1.7860636466183344 1.8900230441370098 1.7449378382359333 -1.7729580439049792 -1.9870934488738277 0.27141100037330945 -1.6822614561583156 
-1.3545043599632853 1.7860636466183344 1.8900230441370098 1.7449378382359333 1.3192998826229054 1.370731433843459 -1.7099477915780081 -1.9831145822663396 0.9645820250819686 -1.3890772892481347 -0.9756787228440889 1.9898645816257643 
-1.3545043599632853 1.7860636466183344 1.8900230441370098 1.7449378382359333 -1.6506862948457464 1.6383323758031754 -0.20612130625411673 -0.9263583846775738 1.6799789816452741 -0.5972066740674595 1.9135724799698353 -0.19022900948519927 
1.2794061900186082 0.48932698598451685 0.9790075556520068 -1.3128763903774678 -0.7292193652121379 -1.6423268878033586 -0.5970457442799053 -1.489866284747901 -0.6858279601003452 -0.4512114441745547 -0.07158950358562377 0.7686587050835967 
-0.6858279601003452 -0.4512114441745547 -0.07158950358562377 0.7686587050835967 0.35498829946937427 -0.5847250780658402 -1.035458689534011 -0.4321036592818084 -1.4855054715414227 -1.9338294347630631 0.7160029545256643 -0.2022452260434613 
-0.6858279601003452 -0.4512114441745547 -0.07158950358562377 0.7686587050835967 -1.5258569264774584 0.48480167872398594 -0.37739635825318496 -0.27413359608567633 -1.4368619709364299 -1.1103245265418775 -0.030355514158765917 -1.098069724251118 
0.0900486496051327 -0.23236716353686981 -0.2836201273462753 -1.074408903675372 -1.1448213582057147 1.6683652526452186 0.12533672068285018 -1.122894690596095 0.98011940268414 -0.1412086921773752 -0.6802570484814803 0.7751748075260796 
-1.3174508108389795 -1.8287080142982415 -0.5142617027083105 1.3102827700008262 0.1867303720746638 1.694711583815336 -0.3982255885831685 0.5304419673618126 1.081488644560825 -1.1868479602330928 -0.3165696304002257 1.9165335823037686 
0.9873098230672186 -0.01579880159985958 0.008524227323863709 1.4540561109687862 -0.7959392010163002 0.27073814016775133 -0.4911339732481599 1.7408817118498612 -0.3081983046226253 -1.3012242149631992 -0.05220776833566987 -0.41358028158184235 
-1.5282094804427806 -1.6103137082663204 -0.7979570412626291 -0.0760095888323824 -0.4980461991781575 -1.4248611564190425 0.9961432159864914 -0.6163667434859903 0.3811755699691246 -1.7288775122157203 1.5579767373530382 0.7950104949775669 
-1.5282094804427806 -1.6103137082663204 -0.7979570412626291 -0.0760095888323824 1.9109432024221102 -1.2736250369270006 0.2412552361157072 -1.1094592974996695 1.6764457051945505 0.14303960622331546 0.19248101638096893 -0.6803698420872957 
1.6764457051945505 0.14303960622331546 0.19248101638096893 -0.6803698420872957 -1.43662935505181 0.2612780464818534 1.5140567111957584 -0.3194673981950942 -0.6652736262101486 1.1887707979986617 -1.0054342928326085 1.3495271703071912 
-1.43662935505181 0.2612780464818534 1.5140567111957584 -0.3194673981950942 0.6031052838411237 1.571149072799129 -0.22068940937978665 -0.3368353753373663 -0.33700259746112726 0.1570030649947789 1.8621852925564721 -1.7544061921959742 
-1.43662935505181 0.2612780464818534 1.5140567111957584 -0.3194673981950942 -1.2493823941742046 -0.12115785211159125 -0.23872469235704097 0.2936913238834955 -0.8769031859511212 -1.0698497305956667 1.1551170977751486 -1.8707845497477158 
-1.43662935505181 0.2612780464818534 1.5140567111957584 -0.3194673981950942 -0.33317984379541743 -0.5340685390066313 0.43611307937661126 1.4003664093361001 -0.46956198579724573 -1.0598518138841717 0.5016892001671991 -1.0765140428443636 
-1.43662935505181 0.2612780464818534 1.5140567111957584 -0.3194673981950942 -0.5309841627042968 -0.5528584418478992 1.435350355644645 1.6467762725424229 -1.4551924572934904 -1.3755144032508917 1.0676663154448027 1.8412942482688117 
-1.43662935505181 0.2612780464818534 1.5140567111957584 -0.3194673981950942 0.2670521280602025 1.9226089878043204 -0.011037061277747728 1.6909060849337099 -1.15443165426323 0.43445911826515893 0.3995370714050206 -1.4743153875430006 
-1.43662935505181 0.2612780464818534 1.5140567111957584 -0.3194673981950942 -1.7930589054463035 -0.9085064115890744 1.571292446610724 -0.3791190196669607 1.4159754986824602 -0.43979142121916226 -1.1017138758063258 -0.32657125958230093 
-1.43662935505181 0.2612780464818534 1.5140567111957584 -0.3194673981950942 1.7407361491137978 -0.12695138003955853 -0.5512996868816971 -0.8748969748055551 1.9726527393093698 1.3483585973657335 -0.19193123143292246 -0.5377756430918792 
-1.43662935505181 0.2612780464818534 1.5140567111957584 -0.3194673981950942 1.0305368494087181 0.20966441640967615 -1.1944603263933735 -1.2400843824812946 -0.28510230484043664 -1.9632560715593672 -0.0214339116543818 -1.3654570017313952 
-1.43662935505181 0.2612780464818534 1.5140567111957584 -0.3194673981950942 1.2660710328415847 1.9362759113349925 -1.2728036099626197 -1.5004046457052724 -1.5918887312937988 -1.6330154021182999 1.2763428883224495 -0.16735611826805963 
-1.43662935505181 0.2612780464818534 1.5140567111957584 -0.3194673981950942 -1.8025906678679746 0.023833794141707276 -0.9430297039781443 0.6425741189893026 0.7088528234468221 -1.2605418392133712 0.4559209702903355 1.6047475335446508 
-1.43662935505181 0.2612780464818534 1.5140567111957584 -0.3194673981950942 0.9999769081011114 -1.7769333064456445 -0.459416100816024 -1.1381642459600188 -1.2614176825182093 -0.7107046889131379 -1.8673078361935707 1.2867174823955878 
-1.43662935505181 0.2612780464818534 1.5140567111957584 -0.3194673981950942 0.6336833779425244 1.6894631440530548 1.2537641384749114 -0.29387450105822666 1.7647338838089266 -1.4845306000214262 0.4959565515998636 0.5157008185874425 
-1.43662935505181 0.2612780464818534 1.5140567111957584 -0.3194673981950942 1.7390881923357826 -1.5524665887171252 -0.40497125825119973 1.7674123971431572 0.011645214826000672 0.5720767707073788 0.6555114980375958 0.9676136082096067 
-1.43662935505181 0.2612780464818534 1.5140567111957584 -0.3194673981950942 -0.29206870890488723 0.8507726575731902 1.9801052213835661 -1.6426663481405566 -1.7646076280180427 -1.4206285550215605 1.0877253690250952 0.29213000159062785 
-1.43662935505181 0.2612780464818534 1.5140567111957584 -0.3194673981950942 -1.233599573781262 1.4309923040628791 -0.22890668511239687 -1.2869219512887091 0.22223703815986529 -1.9644594795052233 -1.477536293449126 -0.40145892262540306 
-1.233599573781262 1.4309923040628791 -0.22890668511239687 -1.2869219512887091 -1.5219336814891364 0.21350451379833046 0.02578150561716397 0.9746052076753124 0.2870439463281773 0.22302262432077447 0.7847112451299387 -1.9459526251837858 
-1.233599573781262 1.4309923040628791 -0.22890668511239687 -1.2869219512887091 0.4703428985940441 1.4255389067994026 0.5334291006122704 0.898953764732612 -1.5194166767554638 0.2229781468602372 -0.1930527161559259 0.15369873830047753 
-1.5194166767554638 0.2229781468602372 -0.1930527161559259 0.15369873830047753 1.647444513744988 -1.4221498526529386 -1.6587030986198665 0.7160455490215605 0.6369872908677063 0.9899437958957287 -0.00716087363474438 -0.8946314941967035 
0.6369872908677063 0.9899437958957287 -0.00716087363474438 -0.8946314941967035 -0.836881043794206 -1.2705552947508596 1.3805599590217583 -0.28138466041602017 0.9739560931278288 -0.4822263855127016 1.795884724595052 -0.6506606787150333 
-0.836881043794206 -1.2705552947508596 1.3805599590217583 -0.28138466041602017 -0.8028171953393062 -0.7255209789686714 -1.8373435828847988 1.2609934657460804 -1.1151894880880495 -0.18785602229103127 1.5286620460448557 0.5352961103513918 
-0.836881043794206 -1.2705552947508596 1.3805599590217583 -0.28138466041602017 -1.5335984207688846 1.0669070229337003 1.7610531414232407 -1.537650555107569 -0.11835946998860036 0.1875050072833031 -0.3253026561043346 -0.6004237472647316 
-0.11835946998860036 0.1875050072833031 -0.3253026561043346 -0.6004237472647316 1.412203168837305 1.8032982382322862 0.4147762093123264 -0.8263664386258163 -1.5080436065814058 -1.7793550607822257 1.5378857337770069 1.5544835739809253 
-1.5080436065814058 -1.7793550607822257 1.5378857337770069 1.5544835739809253 -1.5071068897962023 -1.6359674814424765 0.1948475516525403 0.24714115750576982 -1.4005094576109953 -1.3806879561179959 0.6421248549993952 -1.9931561938606426 
-1.5080436065814058 -1.7793550607822257 1.5378857337770069 1.5544835739809253 -1.8760662860639563 -1.2944063545528541 -1.6256265213403651 0.3295439541037961 1.3475901318989947 1.9667189972857808 1.8936614766462938 -1.190970748672926 
1.7098050894313834 0.3704696468051427 0.05419640532068826 -0.46044364869661925 -0.26365773710348117 -0.5536155705962895 0.15426924501040373 -1.5005269098488192 -0.898424675935535 -1.565852244280487 -1.2694453303866133 1.3124722839049126 
1.7098050894313834 0.3704696468051427 0.05419640532068826 -0.46044364869661925 -1.6084358404004404 -0.28057648411657476 0.1595118143500196 -0.046211314767028 -0.95493465425541 -1.7932448367822467 -0.7759387555218225 -1.44960651126704 
-1.7033384204242963 0.13431617244636174 -1.6931387513016585 0.7394466861675433 1.0333864188323716 -0.9886801558895928 0.6005382486223678 0.9293602202192988 0.7243921151517081 -1.626589492262934 0.7316312147935458 1.9227057792982278 
1.075841457013083 1.7497404452353615 0.7782254442542729 1.2358175305501762 0.22948111906214175 -0.0703020272885051 1.3927867088850459 -1.5238550891319655 -0.27447467366398026 -0.16013665373840613 -1.7959486376878582 -0.554146084882515 
-1.3542006715322952 -1.6609513762712798 0.9957618236288557 0.4992709732747773 -1.906438799164897 -0.38734760222069164 -0.7469008436081412 0.4779280281785554 1.6657200660754805 -0.6006282392450704 1.5253696893445658 0.47730339779255937 
-1.2449520839144563 -0.33394124912208323 1.427651758885673 -0.9429605639716265 1.6213111701532394 1.4507462400653481 0.7978553481803639 -1.4772470481656454 -1.869271618835468 -0.1569362710631479 -1.0964984412119354 -1.7213733077093565 
-1.2449520839144563 -0.33394124912208323 1.427651758885673 -0.9429605639716265 1.5928259218608205 -1.7695308820668942 1.7075134985490878 -0.7611805413996238 -0.6791876629404872 0.6186851523214614 -0.9543861847930564 0.5938831067931001 
-1.2449520839144563 -0.33394124912208323 1.427651758885673 -0.9429605639716265 1.3957738137164553 -0.16253259602209003 -1.8401258898712944 -0.1331373193080947 -1.7247821173182465 0.41411869281100167 -1.8263220152039863 0.06297661037559932 
-1.2449520839144563 -0.33394124912208323 1.427651758885673 -0.9429605639716265 -0.09679819667142997 0.08095352042989967 -0.4195448567072111 -1.2479630731826927 -0.6558130935041011 -1.3504127934104013 -1.1224303983414998 -0.3980962917305919 
-1.2449520839144563 -0.33394124912208323 1.427651758885673 -0.9429605639716265 1.9313867048083941 1.1660700217762558 0.47344894425971296 0.10327455153116638 0.1731028835816355 -1.8031759517920816 -1.2948943383723526 -0.6176973985048058 
-1.2449520839144563 -0.33394124912208323 1.427651758885673 -0.9429605639716265 0.8669636115471886 1.0469448545063305 0.9625152032326914 0.16270648220338524 1.738130020939471 -0.42097913393790387 -0.8982962213662815 0.49171796500852194 
-1.7730269236914373 -0.7265097058753858 -0.121083764644343 -0.7353469162639095 -0.867960382728278 0.2553588657930086 -0.5193065804020662 1.8493272585645322 1.4902205741434122 -1.950724619521654 1.8627069147179078 0.8004781492518727 
-1.7730269236914373 -0.7265097058753858 -0.121083764644343 -0.7353469162639095 1.5771318238696979 1.9482495186038844 -0.5160007636808839 0.2515207622585134 1.9719429361942953 1.233224099128396 -0.6493334968920728 -0.6563241805387237 
1.5771318238696979 1.9482495186038844 -0.5160007636808839 0.2515207622585134 1.6482789532474795 -1.9402960289126696 -1.3793855819576106 1.0397883985970382 0.16535939417472134 1.2788625284541517 -0.7973477292491835 0.9856635361479893 
0.16535939417472134 1.2788625284541517 -0.7973477292491835 0.9856635361479893 -1.3213874615811516 -0.12494055976701723 0.9682529294273108 1.5485526617339453 -1.8409143113987985 0.41065220531313784 -0.776529015653709 1.4323076233887289 
-1.8409143113987985 0.41065220531313784 -0.776529015653709 1.4323076233887289 -0.9893090600271086 1.1180122849816243 -0.6787132291016653 -0.9198922850785607 -0.7714729165366583 1.6854390421233267 1.4358430958117383 1.8143611963613404 
-0.7714729165366583 1.6854390421233267 1.4358430958117383 1.8143611963613404 1.6224734850387597 -1.5125330510440147 -1.7468095763751066 -0.3395619332040769 -1.3084982435012744 -0.9973832211035343 -1.7138074041605007 -1.3225407841389312 
1.788580481970481 -1.7665792088139325 1.0102569291555294 1.3827608281091681 0.5416783756101067 1.9513851952914276 1.4661187204929473 -1.754384479115322 0.3285533661609792 1.0989353687550252 0.39168719889138925 -0.11790329072788364 
1.788580481970481 -1.7665792088139325 1.0102569291555294 1.3827608281091681 -0.9085362919079767 0.2390688200109694 1.190444452656103 -1.614125157599108 0.9127878092099966 -1.875755640418551 1.528562498789598 1.4316023961287918 
0.9127878092099966 -1.875755640418551 1.528562498789598 1.4316023961287918 0.849636734737587 -0.4370071888314646 -1.7214616908889213 -0.8766330208503086 0.7434068833426726 0.018863307165548182 1.689002425749909 1.0401470281282084 
0.7434068833426726 0.018863307165548182 1.689002425749909 1.0401470281282084 0.20671672204713287 1.703919003515523 -0.686265549572803 -0.5923010921664167 1.7597381046213023 0.9957207079400017 -0.5584451012889358 1.126765602964496 
0.20671672204713287 1.703919003515523 -0.686265549572803 -0.5923010921664167 -0.38915862098737364 -1.6585415083341202 1.3517664462745818 0.31250252461736006 1.7805769529208817 0.7836612490262018 -0.34017472724791853 1.3009559043288674 
-0.38915862098737364 -1.6585415083341202 1.3517664462745818 0.31250252461736006 -0.681764660612834 0.7188847295382619 -0.6951561831480575 -0.8655246009898594 -0.8704954982643871 -1.9692695790298722 0.9227849925120264 1.0552074264321214 
-0.8704954982643871 -1.9692695790298722 0.9227849925120264 1.0552074264321214 0.5025457963415363 -1.1905355849424457 -0.5917346219647643 -0.09243482782202594 0.24335796505918772 0.4352025024742323 0.9479153115202381 0.36409850388082265 
-0.8704954982643871 -1.9692695790298722 0.9227849925120264 1.0552074264321214 -0.019753091033095416 1.933537674998688 0.9467200088927861 1.5980633267618507 -1.0287570037227258 0.3504893076882607 0.8535205234954399 1.1273064809864857 
-1.0287570037227258 0.3504893076882607 0.8535205234954399 1.1273064809864857 -0.884578951195119 -1.330190982876509 1.2277114970858087 -1.2842150546343087 -1.6541872045885717 -0.5316496738235155 -0.18875085297719396 1.3949302475491159 
-0.884578951195119 -1.330190982876509 1.2277114970858087 -1.2842150546343087 -1.770701630249469 -0.8273235443325091 0.9336807954442312 -0.31232760638502066 -0.4047773965995418 1.540445357603419 -1.5134035016308354 -1.9564920197701992 
-0.884578951195119 -1.330190982876509 1.2277114970858087 -1.2842150546343087 0.5585744507683437 1.7668306159359184 0.6493602211674956 -1.0822736341561918 0.5707260674290691 -1.1509173401174317 0.2470315267211869 0.8125373661441411 
-0.884578951195119 -1.330190982876509 1.2277114970858087 -1.2842150546343087 -0.1145795629936952 1.2619887640252858 0.27765627264875237 -0.9858669666146866 1.931354674196598 0.04196657376295265 -1.1104369555448335 -0.4487641968375584 
-0.884578951195119 -1.330190982876509 1.2277114970858087 -1.2842150546343087 1.3526772556550806 0.05370729986689504 -0.29321030427064043 0.21813595380829165 1.7856161856909036 1.647970396027933 0.5332624518411873 1.2220843658201783 
0.6463738986037697 1.9488499412313125 1.0731916051889452 -1.6423002306774404 -0.3457024584856079 -0.2500128075531949 -1.768288897048349 1.805417815495117 -1.848690035660523 -0.5821792313119523 0.15470959785121652 0.5596017080105327 
-0.38718000438649103 -0.5717523113404961 -0.16064010279977037 -1.5807225410410308 -1.8979905669986072 -1.844924206059039 0.22850026163692227 -1.1994028012780102 -0.00544524581884076 0.020891108223647148 -0.502098214171482 -1.5216480276540865 
-1.8979905669986072 -1.844924206059039 0.22850026163692227 -1.1994028012780102 -1.2058075896986917 -1.5550198739887966 -1.1010078831904884 0.06863137268259756 -0.5645766715090756 1.1707283847221643 -0.46325269202372166 0.1054855031485018 
-1.8979905669986072 -1.844924206059039 0.22850026163692227 -1.1994028012780102 -0.7248648063705017 1.2203410889145774 -0.20841009788902598 0.6375320373094819 -1.736219434673437 0.22236498242705327 -1.3606098072415644 -0.14180996692995773 
0.3739778639134257 0.6077517654941818 1.9133348496277058 0.8046606805747389 1.797971397879452 0.9226047908016413 -0.06701818549086713 1.2114440398711586 0.8272993389422307 1.888765580109701 -0.6239307903913991 -0.7492449993473129 
0.3739778639134257 0.6077517654941818 1.9133348496277058 0.8046606805747389 0.5028655928324657 -1.3333674105379023 1.7299630032524709 1.5949918924599706 0.19237126773993207 -0.32199662001162954 -1.4354863835152094 0.8940676539236252 
-0.8219858851231532 0.35562279199882063 -0.8439520592795442 1.9165367234010717 -0.10663394682385263 -1.0855021519165304 0.6004328101291865 -1.8176543764922655 -1.7626697534620224 1.7344388203717962 -0.41678647393862756 1.7393034384299537 
0.04103768473293945 0.7860852782959986 1.9312656958274532 0.5776744472365118 -1.307229061824715 -1.4981300709338266 1.0791899945358128 -1.5117161874543794 1.2848798911215158 -0.7285079465193638 -0.8555414317505021 1.9949923502083862 
-1.307229061824715 -1.4981300709338266 1.0791899945358128 -1.5117161874543794 -0.7407795817688316 -0.03836564336057924 -1.762645138261826 1.442527277137032 0.7841919569923643 -1.9551780366286522 -0.6689204472061046 0.9367039846539367 
0.7841919569923643 -1.9551780366286522 -0.6689204472061046 0.9367039846539367 -0.29144793365312704 1.3428603726327601 -0.22297848473906612 -0.5311202268999979 1.8636676098982203 0.18268085839680914 -1.7130887035685785 0.2760138367645468 
0.4989592610767897 -1.4689891060740368 1.914248074578769 1.232244545699544 0.9702548430873117 1.0687964215918697 -1.627055586744726 0.42772689602718517 -1.7387008714492507 -1.6116082315186366 -0.3819398999197534 -1.9292695443302375 
-1.7387008714492507 -1.6116082315186366 -0.3819398999197534 -1.9292695443302375 0.8156353089127726 -0.21144430474390186 0.7178373693188407 -0.6523970214653425 -1.2404727035354144 -0.9371109171054739 -0.05074289004439203 -0.12299229029630476 
0.8156353089127726 -0.21144430474390186 0.7178373693188407 -0.6523970214653425 -0.35725189344417707 1.569684465329063 -0.28881702685014643 0.49589361535653165 -1.1514267104825553 0.513257264335385 -1.0262901922907286 -1.5679997437189188 
0.8156353089127726 -0.21144430474390186 0.7178373693188407 -0.6523970214653425 1.2763970750520484 1.2472768828965775 0.968806560825727 -1.8763963457529154 -0.9338039662873325 -0.8917687055617711 0.5082421638723806 1.243274699890328 
-1.1127476893656527 0.7261274945283787 1.979876428644455 0.6864376743060792 1.2965913761418877 -1.6149521724577092 1.0542821365839146 -1.2528711585479786 -1.399523658969013 0.3304550498915977 -1.7194405241379447 1.1414100528120281 
-1.1127476893656527 0.7261274945283787 1.979876428644455 0.6864376743060792 0.8170449003761133 0.8544228644076544 -1.6701019130995087 1.3376364429098015 -1.4944034749577924 -1.558248678033805 0.7454630224041021 -0.9763198902052426 
-1.4944034749577924 -1.558248678033805 0.7454630224041021 -0.9763198902052426 -0.3918759663935485 1.7138768611478463 -1.242002155216924 0.13649117587937365 -1.0960847737923554 -1.8052817441434788 -0.06638957997260775 -1.2224386567867231 
-1.0960847737923554 -1.8052817441434788 -0.06638957997260775 -1.2224386567867231 -0.055051820353678504 0.8955118305433141 0.021769079951027948 -1.3436802180635876 1.7556864020001282 0.6498746299521225 1.4776905678345744 -1.3486744446751575 
-1.0960847737923554 -1.8052817441434788 -0.06638957997260775 -1.2224386567867231 0.7374481841788461 -1.2248454264622257 0.7666907376223491 1.3042743706927364 -1.976602189893736 0.583713068040109 -1.6945679870199322 -1.0379199013453841 
-0.493587274775801 -0.5697768108428258 0.22873611289482287 -1.911733261550408 0.2852773683199725 0.547473131116107 0.3952479634269066 -0.9223030476679712 1.794199279802771 1.6274301654321888 -1.3058714843891406 0.11232453163956446 
-0.493587274775801 -0.5697768108428258 0.22873611289482287 -1.911733261550408 1.4596009525012779 1.1328766318369987 0.23315990565088152 0.9970118927171159 -1.583668664341598 -0.029780072959178394 1.850344162112985 0.41124245819841443 
-0.493587274775801 -0.5697768108428258 0.22873611289482287 -1.911733261550408 -0.03745677812871717 -0.09687511577195318 -0.3871844062731302 -0.09271532625139 -1.7195029159410815 -1.8109414243710393 1.1972128226944845 1.2743289286396933 
-0.493587274775801 -0.5697768108428258 0.22873611289482287 -1.911733261550408 -0.458843954475201 -0.4394285190675653 -0.08788924798899789 -1.0117634113827942 -0.9711781268495385 1.4330698552732453 0.5319048909170951 -0.9663224493683789 
-0.9711781268495385 1.4330698552732453 0.5319048909170951 -0.9663224493683789 1.4071829802907518 1.2539906449370348 -1.7684585657506875 -1.499476351474625 1.6818738198999017 -0.8901209139072077 -0.6599280822771032 1.192145395611392 
1.6818738198999017 -0.8901209139072077 -0.6599280822771032 1.192145395611392 -1.8947385924319917 -1.819575399906622 0.21201254513378798 -0.03203476817720352 -0.20960690205930632 0.8212719680477858 -0.9848581411566237 0.18563824808219787 
-0.269025978909184 -0.20361658917512093 1.3631548226680628 -0.33377141686603506 1.7379463896725227 0.7746512333588171 -0.9100785498720692 1.8154271895019516 0.0846189210670607 -0.2042892392380442 -0.7099059069600111 -1.1950140215885678 
1.7379463896725227 0.7746512333588171 -0.9100785498720692 1.8154271895019516 -1.9113821796880233 1.6515985099700714 -0.40105995568749053 0.0855573958783622 0.5002495296584515 -0.2580783274579348 0.013169577596868542 0.7404663529120605 
-1.2711565777951654 -0.7297835038453226 0.2557918331494058 -0.34603110296275474 1.8672151326183588 1.9100065944352096 1.5653250670837382 -1.7639080973613832 -2.456689889944741E-4 -0.742299943574686 0.9895400799816443 -1.2110716330265734 
1.8672151326183588 1.9100065944352096 1.5653250670837382 -1.7639080973613832 0.1437455157797931 -1.3240133719821214 0.25091441817866533 -1.3254177032840109 0.5744084533723686 -0.8523510498321505 -0.37347601087505033 -1.8921304193183501 
-1.5507187678469974 -0.9841402970967446 0.2993798899898614 -0.7696213169398209 -1.6492368410248122 1.0486121135501336 0.20315402024753793 1.8398607679178864 0.04213546549911662 1.357853953001365 -0.6558170171111781 -1.7272813901166089 
-1.0767465757176033 1.2582799474724071 -1.6318876405874883 -0.7690125417699112 -1.7481351242587566 -1.6437944851238577 0.8907261779102864 1.8054773694237065 -0.4730204476188016 -1.471860560365605 1.4073239032634857 0.1470543409097509 
1.4537652662179132 -0.6533633641700569 0.7947334635271295 0.10893253395113645 0.7955258500443545 1.3001239519509182 1.2708465783739404 0.2776852924590485 0.526025056459662 -1.9234921631742994 0.3864690712920349 -0.3732286932277775 
-0.8871494062512384 0.7381233792959838 -1.433885411594463 -0.3181237316168093 -0.27193239179242923 0.9024667614337947 -0.3776413648513217 -0.8541824720628801 -0.45389254556934855 -0.8538697944067186 -0.16307717909518304 0.5658259082832999 
-0.8871494062512384 0.7381233792959838 -1.433885411594463 -0.3181237316168093 0.6397410806111159 -1.6455018855651304 0.6807380630434228 -1.2623470973301827 0.6506851271798046 1.48716780264429 0.680109101823744 0.7940013320594397 
0.6506851271798046 1.48716780264429 0.680109101823744 0.7940013320594397 0.1400786394115845 -0.018320646152771847 0.5759330206102651 0.5210834709922323 1.0560635195304502 1.2205425687709988 -0.8657420018296569 -1.180731653752666 
1.0560635195304502 1.2205425687709988 -0.8657420018296569 -1.180731653752666 -1.097180819941956 0.08047891484310554 0.4971780409646933 0.5144535983415794 -1.1237678083004812 1.208290335583512 -0.15744713453884085 -0.1970911962223898 
1.0560635195304502 1.2205425687709988 -0.8657420018296569 -1.180731653752666 0.6204452053825897 1.2419405826656416 -0.342677912920216 1.1268210798623843 0.448137373474228 1.5479487863043992 1.1670780266451755 0.997349500914662 
-0.6734350806066058 0.21140141717542615 -0.8718900645127317 -0.21847536157878045 -0.3137697248709741 1.1363788455876835 -0.6196444357500481 0.29287642039548434 -1.4908210440230576 0.6873947219233649 0.5189306479107603 0.7956724301092382 
-1.4328026298521417 -0.3384300493098422 1.6804960193052327 -0.682412503298718 -1.3164992397863204 -0.32669046450786743 -0.3951747208554228 -1.7631310822488548 -0.5049467817207125 1.8875493871410618 0.44829439124724235 1.047736611400405 
-0.5198094125940642 1.7909486953979852 1.0120541833287433 -1.9955236708315875 1.6183597877849758 -1.671296208479276 0.8504182256822652 0.5356127873476226 0.11318434890473261 1.4341233642440034 -0.6720653097510154 0.8184743594663595 
-1.829761792754578 0.6835859074886117 -0.9576213542952177 -0.2928410849846439 0.4284597690569032 -0.387151824662074 0.6573980376248234 1.395619795062681 1.629684518788411 0.1729803171753055 -0.2369533881134176 1.2667610260506992 
0.4284597690569032 -0.387151824662074 0.6573980376248234 1.395619795062681 1.192274043030634 -1.214372391766113 1.1104086248831062 -0.1646941431011837 1.0141202014886597 -1.8506455492924139 0.27901768799806304 -1.3559320444237661 
-0.8697568401235691 -1.6802960720651772 1.1286707464511063 1.3014979426672864 -1.554707210430612 0.9294265247506401 -1.3730199865879542 -1.398604123693668 0.9628085433750924 0.1848620933594174 0.7206997198488598 -1.4270460571689054 
-0.8697568401235691 -1.6802960720651772 1.1286707464511063 1.3014979426672864 -0.679493192560801 1.423576636629623 -1.925722239696959 1.3053321561073195 -0.570824734282338 1.2914716460653413 0.07812447256144939 1.1719604144725326 
-0.679493192560801 1.423576636629623 -1.925722239696959 1.3053321561073195 -0.6538648248132386 -0.2678697212411234 1.249164173400756 -1.0531181932766716 0.9305032927607786 -0.7562842515077444 1.1039289132539114 0.9789638686719995 
-0.6538648248132386 -0.2678697212411234 1.249164173400756 -1.0531181932766716 1.2646901341267651 0.20495478863998606 -0.44680551600302065 1.5295305422299101 -0.9715840280611898 -0.9461414316069874 -1.3309406870510139 -0.9419127116568689 
-0.6538648248132386 -0.2678697212411234 1.249164173400756 -1.0531181932766716 -0.5968769250488952 0.6954342527589472 -1.8928602249669062 1.5415767579849544 1.4524289459457416 1.2712550372822973 1.1509777068355742 0.7823604509445197 
-0.6538648248132386 -0.2678697212411234 1.249164173400756 -1.0531181932766716 -0.7328629782945217 -0.6713905891014429 -0.7605404712840764 -0.4507353489406576 -0.01026314946900797 0.0740129152427369 0.9171161956725218 1.889988088505334 
-0.6538648248132386 -0.2678697212411234 1.249164173400756 -1.0531181932766716 0.5673029282544926 -0.3086135176689293 0.008914889366411494 -0.6530717666058887 -0.15849241518650992 0.5229988509666583 1.0742812362193916 -1.498135464615106 
-0.6538648248132386 -0.2678697212411234 1.249164173400756 -1.0531181932766716 1.4033348025363748 -1.877319312317225 1.9936458848702925 -0.7602870840121545 1.0249683653387942 -1.3193957469855917 1.2307433694221381 0.01296484718519686 
-0.6538648248132386 -0.2678697212411234 1.249164173400756 -1.0531181932766716 -1.579304123020571 1.2551720839773859 -1.1127003706079792 1.8270230783075752 0.6567338253152273 1.349055785526474 0.542300653391091 0.7742124732155555 
-0.6538648248132386 -0.2678697212411234 1.249164173400756 -1.0531181932766716 1.110774404376516 -1.7219106044160846 0.7200018308883922 1.2660862353050657 0.29933889838176553 -0.6155570280080713 -1.1499542885634706 -1.443035212687584 
-0.6538648248132386 -0.2678697212411234 1.249164173400756 -1.0531181932766716 -0.839900469099879 -1.9103425017537736 0.8357802441922524 -0.07137440558067176 0.671968968692028 -0.6153823446813793 -1.1343625932211316 -0.6881081689604236 
-0.839900469099879 -1.9103425017537736 0.8357802441922524 -0.07137440558067176 1.01483366003328 -1.5630898207356667 0.057010258349560416 -0.04143854646581557 -0.9552537975367583 0.9897629540507262 0.5062422647387774 0.5139623190337534 
-0.9552537975367583 0.9897629540507262 0.5062422647387774 0.5139623190337534 -0.4212395833730316 0.9085892318145059 -1.7690955559681938 0.754095260234263 -0.2983354812557564 0.8309484660123636 0.296292260070933 -1.673746793871631 
-0.9552537975367583 0.9897629540507262 0.5062422647387774 0.5139623190337534 -0.9334491758124375 -0.3643465013482503 -1.1926375424803983 -1.3103434698891823 1.2514492880308046 1.7032691498241128 1.5194035646364852 -1.5371194861825366 
-0.9552537975367583 0.9897629540507262 0.5062422647387774 0.5139623190337534 0.49267209987554406 -1.4706215570395749 -1.0742955564448224 1.0487422481508544 -0.10661165207829182 -0.674712194256931 -0.2042506680361682 1.7637732857075523 
-0.1964024409565126 -0.846766448466314 -1.8895038127380057 -0.8941159491473716 -0.5437600777405867 1.8555073537571238 -0.7289976751799423 0.16071964979150177 0.38856155942214965 -0.11467202420118028 0.4277250159682904 1.891550292715376 
-0.1964024409565126 -0.846766448466314 -1.8895038127380057 -0.8941159491473716 0.1890253281247012 0.4829704818310705 -1.0933512701790158 -1.2952204884901426 -0.9254711322843678 1.2277466493010505 1.5920753397202523 -0.24759068023839204 
-0.9254711322843678 1.2277466493010505 1.5920753397202523 -0.24759068023839204 -0.7058890847388151 -0.2840250863124236 1.548657981357617 0.7476103975602206 1.1297703596129662 1.3881062211679733 -0.04706236044837864 -0.9208468167330048 
-0.9254711322843678 1.2277466493010505 1.5920753397202523 -0.24759068023839204 -1.1658202016461225 0.6464414476918785 -0.9896742512108565 0.3548866467963978 -1.6346105224734595 0.3029450446743729 1.773835943185445 1.5307104980828674 
-1.6346105224734595 0.3029450446743729 1.773835943185445 1.5307104980828674 0.44087352209752906 0.7399920166848846 1.9130398681567988 1.6233356657637654 1.0025689724321407 1.6328968825700914 -0.04498172659181865 -1.0177032696149957 