-0.31310666747602944 -0.6637745262416921 0.30591000482144426 0.6987551057770132 0.7041535873885809 0.29719992433816644 0.7150019534493421 0.4025857116075058 -0.9844718874756109 -0.5716021154714965 0.4756484471088067 0.6071913189408134 
0.7041535873885809 0.29719992433816644 0.7150019534493421 0.4025857116075058 0.9512049164814551 -0.4137706709806923 -0.38549367970046644 -0.9211539548665078 0.015904891865746285 0.3316464789220519 0.04188228305468855 -0.24343103070788352 
0.813349424229799 -0.11032114978615781 0.10117895366418295 0.895715167538631 0.8612045874468401 -0.21986843973658 -0.15191014504537503 -0.10794871881549994 0.5742321424783836 -0.3928103783052459 -0.3367412850971261 0.694948048103244 
-0.9246392116876183 -0.8264641182067791 -0.2338041637903554 -0.974714718778452 -0.2568506645558275 0.9477885580532843 -0.5625081776731615 0.889850556054262 0.1579757184384134 0.8224930577975462 0.26143140756162153 0.11836526221159804 
0.1579757184384134 0.8224930577975462 0.26143140756162153 0.11836526221159804 0.21137848875226095 0.7706508836642618 -0.27593351035776736 0.14527652970250693 -0.6259172025686712 0.2978714650204972 -0.09226169949952823 0.5979481338488268 
-0.6259172025686712 0.2978714650204972 -0.09226169949952823 0.5979481338488268 -0.48215194098874314 0.4426325915909637 0.08361520694064573 -0.0668590498811863 0.38517236798477006 0.22374163487945475 -0.8588292091348417 -0.9792111211493895 
0.3067551006978637 0.43914574695207764 0.5500717522101342 -0.04190897635490343 -0.42444008045984205 -0.6321566529205405 -0.13794953676554678 0.9090675369167072 0.0905493643432922 0.9564480351362461 -0.6578089188631242 0.5105973339063758 
0.0905493643432922 0.9564480351362461 -0.6578089188631242 0.5105973339063758 -0.012554210662942156 0.9203479953880256 -0.7923145458605367 0.36017540909511236 0.8812542930830622 -0.7769149324763114 0.3347247592291105 0.6554202618867679 
0.0905493643432922 0.9564480351362461 -0.6578089188631242 0.5105973339063758 -0.024222109720847484 0.9410780068616731 0.6170196501047835 0.82277833946991 0.9096000545209273 -0.6665230296946396 -0.08725704670147105 -0.8716438941546314 
0.9096000545209273 -0.6665230296946396 -0.08725704670147105 -0.8716438941546314 0.9652080776209042 -0.5776714031998225 0.8782938850604385 0.02437495753132568 -0.935805520917725 0.9534245634124627 0.3787570456721656 0.8313150875721365 
0.9652080776209042 -0.5776714031998225 0.8782938850604385 0.02437495753132568 0.3215448490027992 0.4083019324549313 -0.47750791960035954 -0.4338651848871391 -0.36406773941139003 -0.1118224313183831 -0.2584925141753853 -0.7263508664279652 
0.9652080776209042 -0.5776714031998225 0.8782938850604385 0.02437495753132568 0.4271590709101929 0.27407636127205093 0.5230675916046641 -0.40176544027942374 -0.025116613165391932 0.6908052019080526 -0.6421611365808819 0.8401071192605043 
0.9652080776209042 -0.5776714031998225 0.8782938850604385 0.02437495753132568 0.10414522494134837 0.6941747755035179 -0.11057952832462781 0.6073072608191117 -0.8114789288864754 0.14241276946270354 -0.7524413053682579 0.8011935927316307 
0.9652080776209042 -0.5776714031998225 0.8782938850604385 0.02437495753132568 0.14203060838411585 0.5327204596391921 -0.4747184932356814 -0.8924337588005689 -0.6828727721384353 -0.6104132963468822 -0.19230520260538175 -0.29624124545417363 
0.14203060838411585 0.5327204596391921 -0.4747184932356814 -0.8924337588005689 0.8927630331385514 -0.6007438268153158 -0.6166528643368194 -0.6281986381495626 -0.03658438013395293 -0.09182727948061276 -0.592708970552686 0.21708190179775255 
0.8927630331385514 -0.6007438268153158 -0.6166528643368194 -0.6281986381495626 -0.8480458386311134 0.8299119245935249 -0.5415458037604417 -0.6022178996052145 0.37612303004740544 -0.2586387133290431 -0.7516417702125866 -0.7247331902946188 
0.27065751494996104 0.5505491678243959 0.9556802764143284 0.514396400327503 -0.8071088717874253 -0.6527281328701708 0.8605483077813616 0.19912479412151907 0.21640520853850087 0.013139349450435267 -0.029128198693484597 -0.6623476872546965 
-0.8071088717874253 -0.6527281328701708 0.8605483077813616 0.19912479412151907 -0.6938254559631916 -0.040247059068655444 0.9329139164549056 -0.7056653534291082 -0.8166940551077502 0.46849253431529125 -0.3117528581350195 -0.02068708058974389 
-0.8071088717874253 -0.6527281328701708 0.8605483077813616 0.19912479412151907 0.2265253441200017 -0.3329061815446537 0.7644855454718837 0.024072536620278973 0.5743467483374238 0.6928611587546829 0.7559628670652241 -0.0031609805950751912 
-0.8071088717874253 -0.6527281328701708 0.8605483077813616 0.19912479412151907 0.7514541130377193 0.9326107546107367 -0.4832446160988133 0.495456160659578 -0.03990220449225079 0.9179081603886967 -0.9993082638558612 0.8117715789469266 
-0.8071088717874253 -0.6527281328701708 0.8605483077813616 0.19912479412151907 -0.23094989172482738 -0.5260414274651821 0.8229939941422999 0.3498858180295614 0.14700278511837594 -0.3197463469206683 -0.2019423018650004 0.2962225591239118 
-0.8071088717874253 -0.6527281328701708 0.8605483077813616 0.19912479412151907 -0.8583545864682727 0.11352403372205533 0.831462289765933 -0.45305905026368176 0.39608477814634524 -0.413735113588106 -0.2284163759933162 0.27700297046428224 
-0.8583545864682727 0.11352403372205533 0.831462289765933 -0.45305905026368176 0.7158657564927939 -0.8479090213563505 0.16109351799026683 0.13295289151090728 0.5091993570031697 -0.18464915098697032 -0.9028004526075004 -0.8757182314477574 
-0.8583545864682727 0.11352403372205533 0.831462289765933 -0.45305905026368176 0.06678460770504024 0.4562553667258584 -0.19690251813200876 -0.16470850051901786 -0.5955207225743369 0.9866201878573317 0.2507521920196514 -0.9663744066920075 
-0.8583545864682727 0.11352403372205533 0.831462289765933 -0.45305905026368176 0.6909906151089189 -0.1620042081867259 0.09950225216942843 0.551164863785895 -0.009497878480208 -0.764769359421624 -0.8025215389521687 -0.06916774954604987 
-0.8583545864682727 0.11352403372205533 0.831462289765933 -0.45305905026368176 0.09729618844269883 -0.0435694981847774 0.743622170051548 -0.3875420444323652 -0.27983285576243055 0.3605180199176461 0.3626788104482004 -0.3903656157571902 
-0.8583545864682727 0.11352403372205533 0.831462289765933 -0.45305905026368176 -0.49862438743943693 -0.31078989612218133 0.7037986197973995 0.2667506904472483 -0.6965403899348013 0.16615722081776574 -0.07223668344465395 0.795331649148574 
-0.8583545864682727 0.11352403372205533 0.831462289765933 -0.45305905026368176 0.9545226448627198 -0.4084702288982205 0.9272980600722598 -0.8356783626133657 0.37459706039540674 0.48293203285340813 0.7860377360003068 0.3176216135726335 
-0.8583545864682727 0.11352403372205533 0.831462289765933 -0.45305905026368176 -0.1895680541126996 0.7828041735406102 -0.9113932803718685 -0.3224003121772747 -0.786136529811738 -0.9168266561690366 0.41740114697717146 0.77191557436094 
-0.8583545864682727 0.11352403372205533 0.831462289765933 -0.45305905026368176 -0.7289597180816341 -0.1635397599401045 0.8939947921471845 0.6882315847305944 -0.2991959199594225 -0.7652385691446926 -0.9796102286089665 -0.4346931120902584 
-0.8583545864682727 0.11352403372205533 0.831462289765933 -0.45305905026368176 0.20653729532254372 -0.11473690231108802 0.5189752622816763 0.684172198910191 0.4280287543388497 0.7590345639902603 -0.6014634592526278 0.8170041622673916 
-0.8583545864682727 0.11352403372205533 0.831462289765933 -0.45305905026368176 -0.47995887439441187 0.5886355578206681 -0.6358596890956618 -0.8213675458410123 -0.8010939999097622 -0.7400508598222117 0.10456971691368278 0.9190141514328314 
0.9539682865461412 0.1894192449054406 0.11606398192734146 0.9882462850781335 0.4610879048186569 0.09894360404898461 0.007139203543991002 0.7426395413600879 -0.5806514953440436 -0.13037475859088654 0.5159070483952257 -0.8412886200276068 
-0.5806514953440436 -0.13037475859088654 0.5159070483952257 -0.8412886200276068 -0.18672362773835172 -0.850765850290917 -0.373807766727013 -0.2538264369641612 0.9578091130509327 0.7513089053668747 -0.3270983437583104 -0.48273712883024955 
-0.5806514953440436 -0.13037475859088654 0.5159070483952257 -0.8412886200276068 -0.25081776331727146 -0.19355392740193422 0.960613070260468 0.11425692385038033 -0.3880455929759199 0.23673561698537604 -0.3582005952718803 0.34205134093867295 
-0.5806514953440436 -0.13037475859088654 0.5159070483952257 -0.8412886200276068 -0.3333774313804154 0.14345834126304324 0.9553237178205791 -0.2945954230257253 -0.6029726038351617 -0.7854528688137044 0.27047459219464653 0.9776159969119762 
-0.5806514953440436 -0.13037475859088654 0.5159070483952257 -0.8412886200276068 -0.4550886843137365 -0.8563327300726202 0.6401481820407595 -0.5686190058456766 0.4582643384527052 -0.29133735863661037 -0.2161230533873839 0.692265592767837 
-0.5806514953440436 -0.13037475859088654 0.5159070483952257 -0.8412886200276068 0.03853826937234284 -0.8591476856509745 -0.42829525269813584 -0.6151078270914032 0.032025372570184896 -0.8887981938095664 0.7448693862574911 0.2725351312282931 
0.032025372570184896 -0.8887981938095664 0.7448693862574911 0.2725351312282931 -0.10379650962187092 0.02290914683444334 0.3854896501400802 0.936246389474602 0.4999215399200745 0.6118594962463437 -0.8854426764458645 -0.8987523828369628 
0.07929116677135828 -0.42830940908269 -0.32000820240023886 -0.22445414064229885 -0.2451680981414477 -0.16899810576378926 0.8462829729789032 -0.09412219747592077 -0.30333379120310844 -0.43301434552652585 -0.5831679350273009 0.23437701915074793 
-0.404340225299334 -0.02638467052172211 0.2157067061318556 -0.9843344416087005 -0.039122935181332474 0.9766464505428611 -0.6856660870754447 0.6898589552663745 -0.2537257315219059 0.6754549659814479 -0.33204902521767465 -0.5564441402480416 
-0.40408452925392435 0.4235186967914846 -0.4118801313895659 -0.04888933174817134 0.5754699670311563 0.14385252762592082 0.7846445950275092 0.5243236731156182 0.03446284222904894 -0.47452295678119083 0.29682417302630126 0.6539016225567034 
-0.30172843341491906 0.4292823282621845 -0.1443980707814514 0.19553637086036946 -0.34454714366084027 -0.25260233075096683 0.7313877626943253 0.5071977964986663 0.37682511083636694 0.4774703089463084 -0.8737554118997055 0.3297037473940345 
-0.34454714366084027 -0.25260233075096683 0.7313877626943253 0.5071977964986663 0.3311217820372643 -0.8094870601761501 0.455077868533345 0.13099393843884521 -0.42295829391632833 -0.5106856476169022 0.9630892029545752 -0.900700869309444 
-0.34454714366084027 -0.25260233075096683 0.7313877626943253 0.5071977964986663 0.9357215572059667 0.23765510097780096 0.9566659549949197 -0.6999505289577062 0.2675497988402573 -0.4776819309558744 -0.6919980279589015 -0.6537899312587798 
-0.34454714366084027 -0.25260233075096683 0.7313877626943253 0.5071977964986663 0.816012106727098 -0.015540401227189582 0.5619924319194367 -0.846696500137883 -0.8605948835473494 0.9652144271304084 -0.5741013459758264 0.6450230363109641 
0.8820893971903894 0.5037240669437866 -0.6836065330573124 0.5083934322710648 0.4323378842469101 -0.2807294765687922 0.6773468471311728 -0.946435204772361 -0.17692972174387633 0.23815515106167706 0.49106753058522234 0.32434366223210964 
0.8820893971903894 0.5037240669437866 -0.6836065330573124 0.5083934322710648 -0.4401711379824813 0.96029391816291 -0.9728586761419784 -0.33269915955956897 -0.14427634404201628 0.07700270556066147 -0.5246323375692465 -0.3910253367997478 
-0.9359879637437694 -0.27364727359134067 0.772466193519729 0.14206668205781936 0.16345571366980605 -0.9815361892235304 -0.9595998099898841 0.40548245546834494 -0.8154951912346029 -0.3549825321358495 0.7884784973109031 0.9060776953021474 
-0.8154951912346029 -0.3549825321358495 0.7884784973109031 0.9060776953021474 -0.7127859605171896 -0.8400804729715821 -0.5700526383135658 0.1640381179933066 -0.900798136985719 0.48453232942888436 -0.982264428475685 -0.18852814707799959 
-0.7127859605171896 -0.8400804729715821 -0.5700526383135658 0.1640381179933066 -0.3157328513073212 -0.7502021187584362 0.6471485239150316 0.020017322217965372 -0.4272420277227662 -0.3240826231604761 -0.08189655074158009 0.6291961595779472 
-0.3157328513073212 -0.7502021187584362 0.6471485239150316 0.020017322217965372 -0.4439993288634312 -0.36229881844588907 -0.5309356415353261 -0.5372828987544387 -0.7299100548427777 -0.7464513587844448 0.9290886033931027 0.1555503163784584 
-0.3157328513073212 -0.7502021187584362 0.6471485239150316 0.020017322217965372 0.1954304128372164 0.6836644452099565 0.045702802679717935 0.6557913647161608 0.5420702739539143 0.673423647472136 -0.4924082971043511 0.41138498993525396 
0.2505660439210151 -0.9260867320832713 -0.37000648284346194 0.5474476734334004 0.8299135487704956 -0.47972386348744256 0.7726743707959154 -0.9105542659035761 -0.9427772022659495 0.23337167061720598 -0.4973389589608639 0.910771719512032 
-0.9427772022659495 0.23337167061720598 -0.4973389589608639 0.910771719512032 0.16889178259414184 -0.8151530361769932 -0.3552833400571651 0.014337124959015846 0.08396426876713425 0.25335108454767297 -0.038163704520838726 0.8454735691234367 
-0.9427772022659495 0.23337167061720598 -0.4973389589608639 0.910771719512032 -0.2915816485188427 0.31976946466628386 0.4056394827757539 0.09084457681131708 0.6936757800238125 0.14771535105337485 0.12409131885501146 -0.31349328185576875 
-0.2915816485188427 0.31976946466628386 0.4056394827757539 0.09084457681131708 0.940156089393783 0.9438314854368375 0.24860390351896622 0.3469764397444717 -0.9392646578835608 0.825275772587055 0.3720931827253211 0.6904556907903678 
-0.2915816485188427 0.31976946466628386 0.4056394827757539 0.09084457681131708 0.5071183976440268 -0.5177059596515265 0.32571297242605524 -0.7687124291646876 0.2107338722883938 -0.8171404211608133 0.9778429048867314 0.8583837425432945 
-0.2915816485188427 0.31976946466628386 0.4056394827757539 0.09084457681131708 -0.2610767141922783 -0.7216243603763044 -0.6541269273566983 -0.4198884431004186 -0.02803133166590377 -0.566812333993091 0.48482047864811784 0.9191247536641596 
0.830098798757414 0.6288697638545018 0.5152542713441022 0.8028722090868785 0.5736082907982425 0.3737843314971012 0.29429415615397936 -0.6609791460916377 0.36662069310772005 -0.0586098976173246 0.73629061747182 0.1827173024451525 
0.35731768364817507 0.039346068760541586 0.26842538082871115 -0.180075371865545 0.7798027016621698 -0.8159632322189259 -0.5913254915660549 0.1915063698299071 0.2986559087400402 -0.9185687907280597 -0.6627534757928306 -0.682348699524369 
0.08084921438127135 -0.6439613004666564 -0.09571305327550683 0.12652714798109077 0.2612067792032522 -0.8842009501941184 0.6937591522500486 -0.8846956218995576 -0.43215831644122615 0.2433102018494231 0.6190862393541472 -0.7074350549217792 
-0.43215831644122615 0.2433102018494231 0.6190862393541472 -0.7074350549217792 -0.9184607082036342 -0.9256583799724123 0.6481728378400542 -0.6782408774108757 -0.5684283647312696 0.08298143656407952 -0.7331371814516061 -0.2476071606072272 
-0.43215831644122615 0.2433102018494231 0.6190862393541472 -0.7074350549217792 0.45966517410515206 -0.48498490327362176 0.7315714215893707 -0.07430591544359633 0.7148369974747126 -0.8819639969788748 -0.09245561182306394 -0.12850821614487562 
-0.43215831644122615 0.2433102018494231 0.6190862393541472 -0.7074350549217792 0.6631799991000344 -0.20434998249953296 -0.5304379469592546 -0.6856417426192845 0.0012476867605033526 -0.36434460602978946 -0.4755285660638813 -0.9889640550576984 
-0.43215831644122615 0.2433102018494231 0.6190862393541472 -0.7074350549217792 0.5643390114120455 -0.9315736203032681 -0.8222886442616604 -0.4936886009749868 -0.2113015147727142 -0.3218565606421002 0.7405587013049257 0.4012152642154099 
0.5643390114120455 -0.9315736203032681 -0.8222886442616604 -0.4936886009749868 0.12239106394563959 -0.303786827952248 -0.4721901641029458 0.08334552876278667 0.6476480689490904 -0.671827924704983 0.37503522105425335 0.16968107897294815 
0.5643390114120455 -0.9315736203032681 -0.8222886442616604 -0.4936886009749868 0.14919024875508513 0.726107045404506 -0.17851869973421342 0.1807064981252644 0.456862908636144 -0.14200294938192526 -0.2822191584410434 -0.7908070523847754 
0.5643390114120455 -0.9315736203032681 -0.8222886442616604 -0.4936886009749868 0.009632610424516796 0.267426872084247 -0.8944115499585688 -0.30010620522854503 -0.8819765494380944 -0.3552785086449075 0.35126542670346783 -0.022060191377966554 
0.9212774521363283 -0.2040537566202585 -0.4126964453827058 0.07148721311211448 -0.8339701770746535 -0.8424602299375188 0.13705828705354572 -0.3453348944576131 -0.43347762863730344 0.5320921259213545 0.02101373745374424 0.49824149526890493 
-0.43347762863730344 0.5320921259213545 0.02101373745374424 0.49824149526890493 0.36013621965414155 0.9278853330415029 -0.6151287716818863 0.719581629398212 0.5140007757904221 0.7906146612088429 0.586011996283303 0.6853681026003553 
0.5527522782947296 -0.241586141666982 -0.7921577855782769 0.9138692876074845 0.8709523768251608 0.051959993137473015 0.9488695126445528 0.44518652200164754 -0.34821373545642187 0.340835844771874 0.46849428364900514 -0.9637023855240601 
0.8709523768251608 0.051959993137473015 0.9488695126445528 0.44518652200164754 0.5709954972830626 -0.5376549247819338 -0.5494141585004662 -0.48373082826108704 0.6238540527741911 0.16756589629513075 -0.16143852811590764 0.00528683295844945 
0.8709523768251608 0.051959993137473015 0.9488695126445528 0.44518652200164754 -0.6768180325938076 0.45190475284842835 -0.8389309460052488 0.9561054592783811 0.9441122688509964 0.9339059212479641 0.8352015139280113 -0.7873661698146153 
0.8709523768251608 0.051959993137473015 0.9488695126445528 0.44518652200164754 -0.8385320804070524 0.6714039817496753 0.5315534739641279 0.49556927798888295 0.4836759840850189 0.4525015913930279 0.4101949392666444 0.9010386079493031 
0.8709523768251608 0.051959993137473015 0.9488695126445528 0.44518652200164754 -0.739033181350143 -0.5262943682417509 0.8948108017042615 -0.7107173071769075 -0.4069712098082887 -0.14756308355015668 -0.47767214300530525 -0.7226429094275761 
0.8709523768251608 0.051959993137473015 0.9488695126445528 0.44518652200164754 -0.8805989182774616 0.08501543204114737 -0.5297696341122069 -0.4798164816142374 -0.220154475253026 -0.35415686552481995 -0.8571940320332181 0.9985926937667697 
-0.220154475253026 -0.35415686552481995 -0.8571940320332181 0.9985926937667697 0.882513772263674 0.36543502107628933 -0.567690319493265 -0.09306937797412251 0.3626002714297403 0.43547357083717575 0.10027730060014983 0.7828073087041318 
-0.20546775001778106 -0.8936816786631221 -0.21147619015654806 -0.8239973252155308 -0.6108368459915252 -0.34698369335346646 -0.5163641059494442 0.6055438629717713 -0.3959080751469546 0.950465479155723 0.4236767140274249 0.10473836127336966 
-0.3959080751469546 0.950465479155723 0.4236767140274249 0.10473836127336966 0.9981897249079923 -0.01925247691949461 -0.8259545985975174 0.8064792015386144 0.8090316055753894 -0.1945084121402889 -0.9421564373187543 0.3351801115097406 
0.8792082071177769 0.7910278294584754 -0.4205041879042932 -0.5672557532276554 0.722483732705026 -0.7227320980886516 -0.6804439831941251 0.7776208063761851 -0.7555009756824709 -0.3594352201789659 -0.4612714526857422 0.4012204070098484 
-0.3355099433108515 -0.652043307721768 -0.2750360830755132 -0.5182040796215048 0.6774199385669923 -0.2098878257012451 -0.6675371982492317 -0.71281233025727 0.9880166113917739 -0.35700224800908975 0.8017343479198364 0.5358014683324412 
-0.3355099433108515 -0.652043307721768 -0.2750360830755132 -0.5182040796215048 0.9191248998256765 0.3505828735496972 -0.3313493554350049 -0.3005202073235267 0.9225457623263409 -0.5190799582124586 0.9470625408114548 0.030988366894549646 
0.9225457623263409 -0.5190799582124586 0.9470625408114548 0.030988366894549646 -0.2990041503919991 -0.34750933768492276 -0.4127416303358862 -0.09112663910915408 -0.6652439049057197 0.1275437769816481 0.8716085316578717 -0.19893320483582966 
-0.6652439049057197 0.1275437769816481 0.8716085316578717 -0.19893320483582966 0.9963955587121918 0.1799704919713052 -0.3446105608390504 -0.9078531451734435 0.5322103563947529 0.5056646699380447 -0.7542351717516829 0.6141291849225055 
-0.6652439049057197 0.1275437769816481 0.8716085316578717 -0.19893320483582966 0.04554034979901744 -0.7170675901366488 -0.7079051296005892 0.020442949031578506 -0.9648584604362442 -0.25386437921352956 -0.9328764120788797 -0.32904316699536706 
-0.6652439049057197 0.1275437769816481 0.8716085316578717 -0.19893320483582966 -0.8186860114996979 0.621966112918684 -0.3281501870600445 0.5218850218796518 0.4515061879087574 -0.30625796539809724 0.8991387445102588 0.4172014200255134 
-0.6652439049057197 0.1275437769816481 0.8716085316578717 -0.19893320483582966 0.045366991326863504 -0.16718072609007306 -0.742995234390947 0.43993641944303086 0.7352187538555628 0.4581382010920392 -0.5489808860297078 -0.502267623891044 
0.7352187538555628 0.4581382010920392 -0.5489808860297078 -0.502267623891044 0.8804422046286149 0.0872072328515443 0.6267763050592274 -0.27917362456616046 -0.5781560926413223 -0.9446322985917768 -0.2882810644856493 0.06841017376424396 
0.8804422046286149 0.0872072328515443 0.6267763050592274 -0.27917362456616046 0.6699231114106827 0.25969792105525835 0.7066216094073472 -0.5535888501330473 -0.8024655321697711 0.9389382545237401 0.241716438291945 0.425785551975173 
-0.6077530510052678 -0.19379367454909513 -0.8017592876090172 -0.7446058029256664 0.8183770233207615 0.1261397277439631 -0.5901675286099561 0.7003126492764293 -0.5530286742064765 0.14555986763665163 -0.5038555148830148 -0.8007161711560329 
-0.49623059319370677 0.42093444219975873 0.15794442928460528 0.39905399519530005 0.06872426043058999 -0.7113171399971208 0.24002033975696024 0.3022440542534104 -0.3471796769687261 0.2676442518897555 0.15207942658050322 -0.3316843910880465 
0.4473612128589908 -0.6636213842644427 0.644774252237106 -0.1896773713693738 0.35764715768424793 0.7569158079122529 -0.16792652502950922 0.3957822063842855 0.167052767951144 -0.11010008354281342 0.4056778253469122 -0.24656722106158524 
-0.694815847452968 -0.6787913920774815 0.08869122341787361 -0.061325258821180784 -0.1722805913476153 -0.0829546906817955 0.8990976985247574 -0.6235315462831839 -0.9453027383031887 -0.9650989494457654 0.8655244944657152 -0.14476267979783097 
-0.7183993746260162 -0.982604867034047 -0.3970751431889379 0.5183316040553896 -0.3727432186034654 -0.6723987839830463 -0.00943328325332038 0.08424499275531883 -0.09296984846180689 0.700404230417168 -0.9288808698561073 -0.3957953554334974 
-0.7183993746260162 -0.982604867034047 -0.3970751431889379 0.5183316040553896 0.6851118794670197 -0.2289685590912487 0.35762959318746135 0.9522794796009899 0.11856849938415892 0.7589352169499488 0.24804725180802478 0.4729969533471383 
-0.7183993746260162 -0.982604867034047 -0.3970751431889379 0.5183316040553896 0.609652100368794 -0.393628980472432 -0.8991435823728398 0.0397314981292769 0.4230415783835948 -0.4806341952891895 -0.3828899260259635 0.29739787749564406 
0.609652100368794 -0.393628980472432 -0.8991435823728398 0.0397314981292769 -0.9250676489267426 0.19437459392604683 0.05327624211994664 -0.7874439309801444 -0.7665882949990805 0.27144432478269054 0.8331073330661618 -0.24602863781042372 
-0.7665882949990805 0.27144432478269054 0.8331073330661618 -0.24602863781042372 0.6716177865289448 -0.17514780410979247 -0.03615246436885622 -0.28547124650575184 -0.8080201136140541 -0.3600475051605654 0.23342334799343756 -0.4850012129490995 
-0.7665882949990805 0.27144432478269054 0.8331073330661618 -0.24602863781042372 -0.9270033844063164 -0.2264457344046793 0.6067207931075811 -0.10221022442444605 -0.1905498316819163 -0.4341780228905716 -0.033166233504027476 -0.6055810393698988 
-0.7665882949990805 0.27144432478269054 0.8331073330661618 -0.24602863781042372 0.22774755157360493 0.3162061544703223 -0.6769289800509752 -0.9034874189173612 -0.46010649525944025 -0.8490753286798371 0.30779394100264157 0.8151912140631121 
0.22774755157360493 0.3162061544703223 -0.6769289800509752 -0.9034874189173612 -0.1825177044521218 -0.3025476965624596 -0.3243274995036849 0.17383183847291406 -0.839505019562715 -0.5454422197406117 -0.34243178474085534 0.7704414057185469 
0.22774755157360493 0.3162061544703223 -0.6769289800509752 -0.9034874189173612 -0.8843261461533531 -0.07150342897929196 0.9089075211508251 0.970811656678473 0.9502978534783766 0.9841750838596293 0.523755144413159 0.6322960722274311 
-0.8843261461533531 -0.07150342897929196 0.9089075211508251 0.970811656678473 -0.45293656744382993 -0.45790625610343083 -0.5391000118113685 0.9344904419048077 0.6885216583688916 0.07562620336304748 -0.9614853292343879 -0.45532322849083284 
-0.8843261461533531 -0.07150342897929196 0.9089075211508251 0.970811656678473 0.5985401145958977 0.2812707627584805 -0.913159586655137 0.3884518599306037 0.1976429805743929 -0.6873087316431603 -0.6101628575919709 -0.3009112640108147 
-0.8843261461533531 -0.07150342897929196 0.9089075211508251 0.970811656678473 0.7854496213025393 0.46180183421577836 0.5165300977026399 -0.19331788723939614 -0.4561830073288453 -0.3578668398647633 0.5535174308793183 0.6311716869831001 
-0.4561830073288453 -0.3578668398647633 0.5535174308793183 0.6311716869831001 0.23568213040845354 -0.8867975872095852 -0.723326611386329 0.2666916331361915 0.7365743382615684 0.9781759922112025 0.24562975972532963 -0.23738066929220225 
-0.4561830073288453 -0.3578668398647633 0.5535174308793183 0.6311716869831001 0.016114524068937763 -0.9819504805191825 0.11464072231104416 0.25868200151937426 0.7243037222915762 0.5901325463358098 0.34212724372587333 0.8916134142867442 
-0.4561830073288453 -0.3578668398647633 0.5535174308793183 0.6311716869831001 0.42804521972778353 -0.7596838673321817 -0.7949953802266878 0.9339121055618271 0.4975636197320976 -0.8465958540803449 0.5258184277209157 -0.23446480141487314 
-0.4561830073288453 -0.3578668398647633 0.5535174308793183 0.6311716869831001 0.08761064668284124 -0.6154168044411021 0.5917354578996303 -0.22978095431433787 0.2735745733023165 -0.9203001970848244 -0.008330938064400994 -0.5831756115683029 
-0.4561830073288453 -0.3578668398647633 0.5535174308793183 0.6311716869831001 -0.7878064836437915 -0.7101187781194889 0.18272559391941456 0.47117889324590223 0.6783517085372857 -0.2067725515554506 0.8500933181644521 -0.5442667712940918 
-0.4561830073288453 -0.3578668398647633 0.5535174308793183 0.6311716869831001 0.43243366255588356 0.4803421730451518 0.8799116329361707 -0.2485616078797921 0.38021045387677654 -0.49359745318354165 0.9363944944266085 0.5820487639991261 
0.2886179138099836 -0.8451333229756663 0.4810870760519592 0.32217653418719805 -0.5958165158942925 -0.19785713619184486 0.6993404060980548 0.09563235218437649 0.6441557136466733 -0.5206003729549022 0.10811815032266914 0.36103005141190647 
-0.17200447487379344 0.985750273633101 -0.3559093122069339 0.358606112748322 0.7811530495958243 0.9741016069903519 -0.45363766952609996 -0.8246700104333082 0.9252025372635313 -0.473865358805621 -0.1040050310216889 -0.21197687328312065 
0.7811530495958243 0.9741016069903519 -0.45363766952609996 -0.8246700104333082 0.7896524978434387 0.06252068228446972 0.23015459516461378 -0.9512142229276204 -0.8447414418218959 0.46235483915488973 0.8966229196158035 -0.9049503599591859 
-0.8447414418218959 0.46235483915488973 0.8966229196158035 -0.9049503599591859 -0.9755593248405605 0.8133294647723521 0.399867091977425 0.15824409513881355 0.6394226815333777 0.44542964290324427 0.6407419842846387 -0.32681516429841717 
-0.8447414418218959 0.46235483915488973 0.8966229196158035 -0.9049503599591859 0.5710987024671461 -0.22349151205131457 0.5310267331405678 0.1310016039069728 0.6682644515494263 0.9292196104340458 -0.7212802646762742 -0.3269122755643483 
-0.8447414418218959 0.46235483915488973 0.8966229196158035 -0.9049503599591859 0.637556321394406 0.37901574069721833 -0.889368733044759 0.2886185221619444 0.9464562294757044 0.6961343900826387 0.007411740341322304 0.6142119555043202 
-0.8447414418218959 0.46235483915488973 0.8966229196158035 -0.9049503599591859 -0.1881258288029457 -0.06342070375612963 0.7082320936328932 0.8847433885156473 -0.4618295110500197 -0.18039180142436573 -0.21083611528207258 -0.4897450007680437 
-0.8447414418218959 0.46235483915488973 0.8966229196158035 -0.9049503599591859 -0.6758514563153197 -0.5259616125023239 0.05611186023130532 0.4364626078629348 0.4661342157193533 0.9066357427362619 0.1948584466255192 0.046893875712528565 
-0.8447414418218959 0.46235483915488973 0.8966229196158035 -0.9049503599591859 0.6426205395052371 0.5045741863241804 0.06577844170564506 -0.880540217820434 0.40208539039775015 0.6257277146068685 0.793605055157391 0.9951105268477516 
-0.8447414418218959 0.46235483915488973 0.8966229196158035 -0.9049503599591859 -0.9050763123916945 -0.6335859314584487 -0.4871937447582422 -0.23318269535671066 0.6360808019296238 -0.2927533129471356 0.6525347009385212 0.44267990847797556 
-0.8447414418218959 0.46235483915488973 0.8966229196158035 -0.9049503599591859 -0.7363163650569595 -0.8506159454933084 -0.32645136032386235 -0.2756481888035671 0.7232964830303179 -0.6116518742721972 -0.21102944313513095 -0.8879284102052654 
-0.8447414418218959 0.46235483915488973 0.8966229196158035 -0.9049503599591859 -0.7129081045934169 0.1118217602955951 0.7941946766361678 0.3259742778036474 0.6579111703904388 -0.3830954498337571 -0.44654954208691233 -0.7121080024508102 
-0.7129081045934169 0.1118217602955951 0.7941946766361678 0.3259742778036474 -0.3079510863483774 0.6421875090973543 0.5982637386555947 -0.44722925806846137 -0.8287293459852898 0.8911254289938078 -0.5365466688299725 -0.22458647952454758 
-0.7129081045934169 0.1118217602955951 0.7941946766361678 0.3259742778036474 0.5380085348174839 0.7078230555866349 -0.24569270114226027 -0.3004884071079079 0.5324286766706932 -0.3267796759535755 0.19232446771345835 -0.1024446940019399 
-0.7129081045934169 0.1118217602955951 0.7941946766361678 0.3259742778036474 -0.04541033887126589 0.6202088157609458 0.1930733666129716 -0.7655989875885869 -0.2988977659785561 -0.5767748690536396 -0.7865681643896472 -0.383595790474873 
-0.7129081045934169 0.1118217602955951 0.7941946766361678 0.3259742778036474 0.14692441612483265 -0.7467740400814484 0.5238654911075433 0.814273347119538 0.2369615403284535 -0.8142555979931871 -0.012235821193867125 -0.8024047651213233 
-0.7129081045934169 0.1118217602955951 0.7941946766361678 0.3259742778036474 -0.45403518328759507 -0.20782471234291622 -0.5885327549687478 0.1983594461321263 0.5461413541256346 0.34965752181007637 0.9831315420667521 -0.6144591663317234 
-0.7129081045934169 0.1118217602955951 0.7941946766361678 0.3259742778036474 -0.9941933900289381 0.780477253074674 -0.46277220424069654 -0.07609492729989897 0.9102890307398561 0.3288904421451786 0.1756360662482146 0.5629237199665382 
-0.7129081045934169 0.1118217602955951 0.7941946766361678 0.3259742778036474 -0.8116503938428508 -0.9674413083688993 0.5342697367762159 -0.9132632490549972 -0.5091679339595079 0.22045995785791117 -0.32099268539274717 -0.7213218823868317 
-0.7129081045934169 0.1118217602955951 0.7941946766361678 0.3259742778036474 -0.541045455590063 -0.7380382806592731 0.889389072015996 -0.6708624901289459 0.5696610878213932 0.812597703345405 -0.6922789805706417 0.35992206905839486 
-0.7129081045934169 0.1118217602955951 0.7941946766361678 0.3259742778036474 -0.963519973922933 -0.2935116685983854 -0.3901109050309002 0.6749751459758746 0.7111924200905648 0.09720946437640143 0.9312262611641833 0.2325684817532403 
-0.7129081045934169 0.1118217602955951 0.7941946766361678 0.3259742778036474 -0.7003360033968007 0.4284870637915821 0.7705999947657798 0.9137133550040171 -0.13717623199308782 0.13746861905567842 -0.41886118142299233 -0.5358346015857023 
-0.7003360033968007 0.4284870637915821 0.7705999947657798 0.9137133550040171 -0.7440016930386619 -0.2046977830561818 0.8912724406808845 0.6844495838094928 -0.33902610084924656 0.7382127721721059 -0.7191488887761688 0.04342651381132678 
-0.7440016930386619 -0.2046977830561818 0.8912724406808845 0.6844495838094928 -0.02321210862224321 0.9373851673243931 -0.4475840000454865 -0.22200419168626406 0.3257651659879015 0.7832916306696469 -0.37516728410629363 0.791370345001049 
-0.7440016930386619 -0.2046977830561818 0.8912724406808845 0.6844495838094928 0.7447789823916258 -0.6661251961754904 -0.06092035793813966 -0.279574686568399 -0.06669375639607522 -0.5196716361502862 -0.22369177169217425 -0.5804259412186978 
-0.7440016930386619 -0.2046977830561818 0.8912724406808845 0.6844495838094928 -0.7633427557782524 -0.7815174658804398 -0.7487094630827396 0.7737114840431383 -0.5913163816089582 -0.8874590354314764 -0.03914233707549619 -0.5630941101234905 
-0.7440016930386619 -0.2046977830561818 0.8912724406808845 0.6844495838094928 0.7452764226098336 -0.45138309973895363 -0.6886258625143373 0.5693407558291077 0.030377331676253005 -0.5491217365776295 -0.8595560124526984 0.2068983717382209 
0.7452764226098336 -0.45138309973895363 -0.6886258625143373 0.5693407558291077 -0.9203163468439617 -0.020343029591737283 0.2076468292766931 -0.2077801792265166 -0.8289586606823285 0.06208801675893705 0.6577949843517219 0.27358823167331914 
0.7452764226098336 -0.45138309973895363 -0.6886258625143373 0.5693407558291077 -0.8766352485987474 -0.2976403615055887 0.10180680581054258 0.557051120313371 -0.3566214158968639 -0.22288530635385229 -0.4995321375799868 -0.033514096847201635 
0.10918047102991979 -0.707075328886182 -0.6859215736919069 0.4977901077461504 0.07594238181987345 -0.6672124667329591 0.831005209087607 0.9712788428758423 0.7010928596364425 -0.5607812398009164 0.03137213305258646 -0.35531730035495435 
0.10918047102991979 -0.707075328886182 -0.6859215736919069 0.4977901077461504 -0.5431639909705994 0.9172901759078975 0.2962883601675821 0.8116760544693518 0.8025870648765339 -0.38873762227894293 0.6509780962807534 0.14312498013820196 
0.8986055462989064 -0.5543028792333426 0.7367478981424647 0.8751142536619732 0.09127703028797662 0.7820147809642042 -0.014148437788916723 -0.05330440163461847 0.6053368604792682 0.7400632823049977 -0.3958960373310765 0.8085149462757371 
-0.9607645359214463 -0.6366891452909373 -0.5378139424329262 -0.19092066509140326 0.810104952458486 0.5066518342371702 0.6444019633662796 -0.9096900357789928 -0.38436364849890103 0.6332799558519449 0.026868684379532937 -0.7625263465050609 
-0.9607645359214463 -0.6366891452909373 -0.5378139424329262 -0.19092066509140326 0.9512820718929458 0.0643731280728177 0.9162346208768 0.9363085410169325 0.5162785149126758 0.14053955282227282 -0.6133878412832501 0.6883068194662665 
-0.613523495742601 -0.060735856617645245 -0.7724050997567242 -0.2376000367310418 -0.558103395014006 0.45703393044223417 -0.025850846669836614 -0.10345447484625603 -0.5175621066750287 -0.675854386428171 -0.6591613359387842 -0.6250642560914113 
-0.558103395014006 0.45703393044223417 -0.025850846669836614 -0.10345447484625603 -0.5187029837153136 -0.009844898635821497 0.711258316257551 -0.10040194431478144 -0.48082337236345585 -0.8366840950178829 -0.4186645446964148 0.8836806900865393 
-0.5187029837153136 -0.009844898635821497 0.711258316257551 -0.10040194431478144 -0.6290464953274293 0.48619554034676216 0.3714989646484148 -0.775717091841784 -0.42214005946021493 0.7768631415944565 -0.36597514193728164 0.21447274441251385 
-0.5187029837153136 -0.009844898635821497 0.711258316257551 -0.10040194431478144 0.967739586379821 -0.22248399475234715 0.7000614490420713 0.7469025752458036 -0.764586778617786 0.19133526967114123 0.37153276898275345 -0.7813158070725861 
-0.5187029837153136 -0.009844898635821497 0.711258316257551 -0.10040194431478144 -0.9146648449405363 0.30279394015353467 -0.9509287415008745 0.6450406775808104 -0.7213736754222102 -0.7643516817263991 0.3303260373038992 0.5283696102694497 
-0.5187029837153136 -0.009844898635821497 0.711258316257551 -0.10040194431478144 0.7674424912351616 0.2520118848578605 -0.14726137675257656 -0.47159410913227306 0.29541314778874916 0.24423533286297272 0.45295486205855173 0.7954774138842517 
-0.5187029837153136 -0.009844898635821497 0.711258316257551 -0.10040194431478144 0.23921373144696068 0.5268642253465212 -0.07621085191779953 0.43632389889455925 0.09742749072444612 -0.8894126560288655 -0.6758034298260305 -0.9744775274295652 
-0.5187029837153136 -0.009844898635821497 0.711258316257551 -0.10040194431478144 0.49759151709185323 -0.7764237989821019 0.5687962973928362 0.7862638616699147 0.5193833052834409 0.9433399122954791 -0.23877613341310622 -0.2310465875922445 
-0.5187029837153136 -0.009844898635821497 0.711258316257551 -0.10040194431478144 -0.47441685771969433 -0.7679423909535403 -0.34701945218848773 0.174204061610705 0.48859656871470003 -0.7697345115281136 -0.9544205633924419 0.05237278557052161 
-0.5187029837153136 -0.009844898635821497 0.711258316257551 -0.10040194431478144 -0.5413419038032248 -0.7784916539639948 0.8147083491198102 -0.7177429386492928 0.3540698531872526 0.9228082946989835 0.17000050774400144 -0.7565191650835732 
-0.5413419038032248 -0.7784916539639948 0.8147083491198102 -0.7177429386492928 -0.7964240112349543 -0.6988681557717404 -0.5108435786346699 -0.43263571776145127 -0.3071608347056738 0.051917488528704814 -0.8111843953630127 -0.8548789746626866 
-0.5413419038032248 -0.7784916539639948 0.8147083491198102 -0.7177429386492928 -0.26983589684474496 0.5436207750425286 -0.5495899969545932 -0.573815145240623 -0.46517704024846274 -0.7843987364247431 -0.06768480350570694 0.5107726246732036 
-0.5413419038032248 -0.7784916539639948 0.8147083491198102 -0.7177429386492928 -0.861634873612638 -0.9539407701673057 -0.007613860512307724 -0.24302773641071096 -0.42966453294841545 -0.19293331975519323 0.9963438892691043 -0.6779758623009937 
-0.42966453294841545 -0.19293331975519323 0.9963438892691043 -0.6779758623009937 0.22042613421811885 -0.4631367261652102 0.7673609929836573 0.5810108030111087 0.44360282336305956 -0.5022186948615817 -0.24054347864857206 0.9779651020379716 
-0.42966453294841545 -0.19293331975519323 0.9963438892691043 -0.6779758623009937 -0.39088818249715085 -0.41586630812095216 0.3966588447736812 0.06830190699591432 -0.8134075333244655 -0.46108230949180085 -0.8436318403146603 -0.23095699896195798 
-0.8134075333244655 -0.46108230949180085 -0.8436318403146603 -0.23095699896195798 -0.775559356956943 -0.9890460988143097 0.8001992451520703 -0.1904336343685762 0.16823909831022177 -0.9100830436947498 -0.4740752569844948 0.47507793144691335 
-0.775559356956943 -0.9890460988143097 0.8001992451520703 -0.1904336343685762 -0.2128043323675899 0.3240365620765009 -0.7814228384104118 0.9868141663698227 0.7894595598678453 -0.1487810505734246 0.4710255416210196 -0.549145008120469 
-0.775559356956943 -0.9890460988143097 0.8001992451520703 -0.1904336343685762 -0.013737044203895987 -0.6148787671374367 0.3154100590599125 -0.9654472034506107 -0.5287165775136713 -0.16782817791381266 -0.007727987764989175 -0.3854996870510301 
-0.5287165775136713 -0.16782817791381266 -0.007727987764989175 -0.3854996870510301 -0.06213005701594776 -0.8331657796754346 -0.8876584432482266 -0.7287386370529996 0.6142467590923772 0.40567726085084455 0.4951485285351429 0.22289277708721 
0.6142467590923772 0.40567726085084455 0.4951485285351429 0.22289277708721 -0.45733130907780817 0.19905395899792033 0.07793772719184355 -0.7268005332480796 0.5505622636009131 -0.21426130951162237 -0.8612893979358169 0.6914246851159633 
-0.45733130907780817 0.19905395899792033 0.07793772719184355 -0.7268005332480796 0.586611626186345 0.8240830552071612 -0.49887361811782927 -0.3517299158489855 -0.3718219762782222 -0.9020109960075491 0.38660789550375707 -0.34765460533932124 
-0.3718219762782222 -0.9020109960075491 0.38660789550375707 -0.34765460533932124 -0.7322515861192131 0.5401144649724403 -0.02019167296367841 -0.4014854962074925 -0.2242120353888717 -0.27240222896081656 -0.9301512741154303 0.2655681179320928 
-0.3718219762782222 -0.9020109960075491 0.38660789550375707 -0.34765460533932124 -0.42691267939283195 -0.12630824657030404 0.2042266646569948 -0.8416323986173659 -0.8703541452302719 0.8572111214132543 -0.1602678711200094 0.9557971362581914 
0.2650422939295911 0.8188418788999594 -0.13682858666660547 0.581103609019711 0.257740157237885 -0.435276429445568 0.06721787036258964 -0.8574866159089329 0.6800303843078748 0.6121450692395292 -0.990554361756379 0.02613130789432616 
0.6800303843078748 0.6121450692395292 -0.990554361756379 0.02613130789432616 -0.16009467175303715 -0.1606902126617058 -0.4015851542081488 -0.6353712094129722 -0.04182120496176345 -0.6444784832759773 0.37990370568455645 -0.23656581015785472 
0.572581646485355 -0.04314543408495419 -0.8451643088430563 0.003412867394484209 -0.4542572700706424 0.3849769689382505 -0.995983406721372 -0.2765611864113957 -0.2733119906052972 -0.7193126460620669 -0.4096521446962571 0.2631454833524305 
0.572581646485355 -0.04314543408495419 -0.8451643088430563 0.003412867394484209 0.9156998159296716 -0.2608660252428454 0.30188738675216253 0.6865819053218836 -0.6297872051206537 0.09081861844573913 -0.44914328523696656 -0.20782384633366324 
0.9156998159296716 -0.2608660252428454 0.30188738675216253 0.6865819053218836 0.10051438519477074 -0.7012967175441724 0.29913677950159934 -0.1286363464993745 -0.17248828639209424 0.9499036934979441 -0.6795433179499648 0.17930258128319965 
0.9156998159296716 -0.2608660252428454 0.30188738675216253 0.6865819053218836 -0.08739048207429345 -0.9780198867020373 0.8869767084185538 -0.4602299485212762 0.3307612115609153 0.3926688139776078 0.7695139996486502 -0.9106954775546237 
-0.08739048207429345 -0.9780198867020373 0.8869767084185538 -0.4602299485212762 0.4271330915878242 0.5438436207379782 -0.29820169369107874 0.8482622822910495 -0.5147229881744739 -0.8039311719894919 -0.4712369127288554 0.3271390351391168 
0.4271330915878242 0.5438436207379782 -0.29820169369107874 0.8482622822910495 0.17784825675931426 0.8951723358955843 0.07762972145891345 -0.12978745263826497 0.6916491912412228 -0.2901114510074496 0.5003691394878942 0.8133505895775752 
0.4271330915878242 0.5438436207379782 -0.29820169369107874 0.8482622822910495 0.2707466480802272 -0.09609524973506711 0.8065967832892256 -0.6467243802721594 0.7184021752265688 0.37924585511606645 -0.005496550462964267 -0.7120927083064217 
-0.9194498737319523 0.3317035689558112 0.43849263510642866 0.3508711772602504 0.712521419502606 0.8573274182947475 -0.9941850050483143 0.8473965130815653 0.30218789066281415 0.9774089303160145 -0.25222428324159596 -0.5473401240325386 
0.30218789066281415 0.9774089303160145 -0.25222428324159596 -0.5473401240325386 0.366866321070243 -0.9147760779887146 -0.7986042774006044 0.9793344765221017 0.7583205778592987 -0.09362390590226854 0.7274809918993825 -0.820865963575478 
0.30218789066281415 0.9774089303160145 -0.25222428324159596 -0.5473401240325386 -0.10528727756137513 0.12219348906017391 0.20793758383207384 -0.7252336476426777 0.021505231894575205 -0.443898440678002 -0.2855521217089074 0.35248808314290025 
0.30218789066281415 0.9774089303160145 -0.25222428324159596 -0.5473401240325386 -0.7261160008281187 0.7877696980273097 -0.8733012219963632 0.4008861431277504 -0.5995682107556266 0.40271154550858146 0.4974262199458599 0.7556105024659869 
0.30218789066281415 0.9774089303160145 -0.25222428324159596 -0.5473401240325386 -0.4979567232380202 -0.61710423991137 -0.49820565444006215 0.16490441916208876 -0.09717902801370393 0.9468610950822614 -0.8019760638241131 0.31895389469524793 
-0.4979567232380202 -0.61710423991137 -0.49820565444006215 0.16490441916208876 -0.9103800362667767 0.7083063119377542 -0.14999735757758859 0.7099378083583117 -0.38439125670121843 0.7802185587650412 -0.8119442026907346 -0.5646311901874919 
-0.9103800362667767 0.7083063119377542 -0.14999735757758859 0.7099378083583117 -0.8721714636070859 -0.6527098159031326 0.48868721474152976 0.6821324429253068 -0.5572573682872124 -0.2248914364867478 0.9195759089249813 0.5099126030990151 
-0.9103800362667767 0.7083063119377542 -0.14999735757758859 0.7099378083583117 -0.3214398825744813 -0.9132606390414799 0.8010061367062229 -0.22903033739106826 -0.3154456790156974 0.7777506565664551 0.9640444817081473 -0.20687875112585608 
-0.3214398825744813 -0.9132606390414799 0.8010061367062229 -0.22903033739106826 0.9444287894162624 0.684986635201331 0.49837873801511035 0.05342988010432004 0.1579969645371977 -0.7541789612110195 -0.11834059703942645 0.696512700866603 
-0.3214398825744813 -0.9132606390414799 0.8010061367062229 -0.22903033739106826 -0.8340503352665969 0.5606827181513006 -0.4179759319807388 0.878304611007825 0.39301361134000334 -0.4948048694998639 0.6654136080770858 -0.09297784303325995 
0.39301361134000334 -0.4948048694998639 0.6654136080770858 -0.09297784303325995 -0.11781324429323581 -0.7899291056754061 -0.2591877471996522 0.09271238067876464 0.02519971840114743 0.34656572332132307 -0.6743289495677616 0.38010943792605656 
0.39301361134000334 -0.4948048694998639 0.6654136080770858 -0.09297784303325995 0.49822529240574065 0.33338031702011084 0.9983234843415256 0.5236168288674097 -0.17110962343888092 -0.8072911208278373 -0.06785403662093836 -0.4121228843985367 
0.39301361134000334 -0.4948048694998639 0.6654136080770858 -0.09297784303325995 0.46513616020872495 -0.28011969021200955 -0.6405486127557021 -0.008755171479205126 -0.7844285360034089 -0.27395771258539825 0.5178603344096326 -0.2520449621579024 
-0.6494156111732479 0.09955560098449068 -0.6922667055907323 -0.66270900664534 0.6706813324383927 0.687617033879651 0.3164065651279082 0.8068152591798083 -0.9122101925665052 0.8359759605935206 -0.06596739342098212 -0.855247746993343 
-0.6494156111732479 0.09955560098449068 -0.6922667055907323 -0.66270900664534 -0.8867035631923483 -0.1097660831652667 0.9806743948087913 -0.31038470921042216 -0.051294666507725406 0.7375455287365758 0.5469724661960704 0.34361284815668647 
-0.8867035631923483 -0.1097660831652667 0.9806743948087913 -0.31038470921042216 -0.22765870519038534 -0.91521807771924 -0.2562334829704005 -0.9020546282695991 -0.18038538122559622 -0.5359360920464602 0.7593020597562323 -0.7471021350160942 
-0.8867035631923483 -0.1097660831652667 0.9806743948087913 -0.31038470921042216 -0.2122002598763013 0.6564909625483959 -0.595968833250017 -0.7869001495485839 -0.20016818308854134 0.7210653846547697 -0.9924355856422167 0.3789167004514822 
-0.8867035631923483 -0.1097660831652667 0.9806743948087913 -0.31038470921042216 0.22294373308104287 -0.23362779590877825 0.663057987977572 -0.8396283788766881 -0.12358612986663275 0.878791918435736 -0.6496665437921727 0.789250718240649 
-0.8867035631923483 -0.1097660831652667 0.9806743948087913 -0.31038470921042216 0.72203505935503 -0.20754159616417 -0.3685433614190914 0.9926534118595645 -0.30283396835257514 -0.5431005897113128 0.18712163354118894 -0.846877438352867 
-0.8867035631923483 -0.1097660831652667 0.9806743948087913 -0.31038470921042216 0.6645289979845068 0.19364454718444524 0.2599742646043657 -0.13456212524351274 0.7899437826028539 0.7857406364649198 -0.9792625351395483 0.4581127966647611 
-0.8867035631923483 -0.1097660831652667 0.9806743948087913 -0.31038470921042216 -0.9694230921406348 0.5375650542496249 -0.021982683126610336 -0.33787820408861347 0.8628865165160675 0.4932685391493865 0.1185218578264513 0.3106743132019574 
-0.8867035631923483 -0.1097660831652667 0.9806743948087913 -0.31038470921042216 0.818582398861246 -0.788606087185274 -0.38721778598411016 -0.4273956113712538 -0.38785122010104556 -0.9593694385844322 0.08711509319168265 -0.6944446829851101 
-0.8867035631923483 -0.1097660831652667 0.9806743948087913 -0.31038470921042216 0.3901316083174935 -0.07731396090806864 0.07318121658483134 -0.23703606691258394 -0.9759220706240814 -0.1801420399307596 0.5047428880127958 0.12870352162897536 
-0.8867035631923483 -0.1097660831652667 0.9806743948087913 -0.31038470921042216 -0.05344416549011455 -0.6548806098140845 -0.5736602445576635 0.33900459623210777 0.26311589076008146 -0.86921784567878 -0.14608169117089975 -0.9251734766743691 
-0.8867035631923483 -0.1097660831652667 0.9806743948087913 -0.31038470921042216 -0.282552494855975 -0.9827342829439556 0.5248277603031337 0.06337154135659806 -0.6360508331840351 -0.6661817027095185 -0.24614572256845246 0.16547897138295053 
-0.8867035631923483 -0.1097660831652667 0.9806743948087913 -0.31038470921042216 -0.9842450869810233 0.9316815792217035 0.28485581878210886 -0.11775945927208853 0.5332736986289948 -0.8025589174672958 0.27216782389842087 0.7722213674160654 
-0.8867035631923483 -0.1097660831652667 0.9806743948087913 -0.31038470921042216 -0.7986426198816527 0.4608661373002061 0.8073948177331949 -0.14147464076072636 0.6161920789653468 0.8845574912921508 0.48085285177394055 -0.3168073424145086 
-0.8867035631923483 -0.1097660831652667 0.9806743948087913 -0.31038470921042216 0.5668388693973605 -0.019483655704465752 0.6245717629957581 -0.8234925842871117 -0.5037652263866061 0.105486138267602 -0.9346620423374501 0.8443912905426005 
-0.8867035631923483 -0.1097660831652667 0.9806743948087913 -0.31038470921042216 0.6752698842276275 0.8720961506454721 0.637769367998362 0.3965497789827994 -0.7206539765027049 -0.8068313249584984 0.629216685569838 0.9070468217066865 
-0.8867035631923483 -0.1097660831652667 0.9806743948087913 -0.31038470921042216 0.29846499338126375 0.4736240046426652 -0.26425817609230284 -0.18523667618232498 0.18744136154670277 0.16777307528068053 -0.10303163935519466 -0.4701119218492069 
-0.8867035631923483 -0.1097660831652667 0.9806743948087913 -0.31038470921042216 -0.11737153886207907 0.841227874554602 -0.9259849525374013 0.15207659912955362 0.7874027273637756 0.1452254866984226 0.3982731628636489 -0.02276801164689246 
-0.8867035631923483 -0.1097660831652667 0.9806743948087913 -0.31038470921042216 -0.04866622991980152 0.5068572711523207 0.5541519728904398 0.5931986534869405 0.9673276731811815 0.8124860074633011 0.5277189222536198 0.7974379871485373 
-0.8867035631923483 -0.1097660831652667 0.9806743948087913 -0.31038470921042216 0.5684557661637575 -0.7058190684944117 -0.7373635115088681 -0.322810700335872 -0.8330806549718093 -0.2370039131685897 0.9547880334224512 0.7014692860082925 
-0.8867035631923483 -0.1097660831652667 0.9806743948087913 -0.31038470921042216 0.640267003444718 0.39047812606213506 -0.5072868775503341 -0.5502346308075245 0.11303804354010238 0.3293285758132609 -0.3597089166790033 0.2372796553536507 
-0.8867035631923483 -0.1097660831652667 0.9806743948087913 -0.31038470921042216 -0.6061466856443389 -0.5853839464171442 0.07202765652488008 0.5264580216259811 0.8480021137025657 -0.553201389828311 0.2657141022341032 0.17945479520005825 
-0.8867035631923483 -0.1097660831652667 0.9806743948087913 -0.31038470921042216 0.051656371643594046 0.4525611313247526 0.6825511049114059 -0.20017127006546964 0.34312202240967227 0.011014368747581438 -0.6958207781450507 0.7017440995292052 
-0.8867035631923483 -0.1097660831652667 0.9806743948087913 -0.31038470921042216 0.8886480939227368 0.1616110745312973 -0.8298223422962905 0.42377793101829697 -0.2802846230418643 -0.5685654636790698 -0.8153507589595483 0.2711366565018918 
-0.8867035631923483 -0.1097660831652667 0.9806743948087913 -0.31038470921042216 0.24535137411789743 0.7715041854484739 0.35661150368445393 0.5781398280425347 -0.14989617403339328 0.3055962970950328 -0.2839694398945949 0.30509652122282116 
-0.14989617403339328 0.3055962970950328 -0.2839694398945949 0.30509652122282116 -0.1960275495144146 -0.9419186849590264 -0.22214401233337377 0.5512767573912012 0.7732453602703624 -0.7051568044824994 -0.6205377373459191 -0.6049322418383993 
-0.14989617403339328 0.3055962970950328 -0.2839694398945949 0.30509652122282116 -0.4100152353364277 0.4897982704705819 -0.8734787178026198 0.9833129484328484 -0.10285965161650235 -0.07383566014671916 -0.6979186819974506 -0.09853230565689408 
-0.14989617403339328 0.3055962970950328 -0.2839694398945949 0.30509652122282116 -0.08471857434349372 0.8256766021349202 0.6545567143409046 -0.13660891624563587 -0.9770817317928251 -0.32879501440933545 0.8076947397388865 0.20357292299753582 
-0.14989617403339328 0.3055962970950328 -0.2839694398945949 0.30509652122282116 0.577400634361253 0.30549733630559306 0.3078558223002139 0.022861107036142192 0.6187080830122584 6.122292833852239E-4 -0.6599403463034204 -0.07315713492648057 
0.06820181106334555 -0.982145777742931 -0.13978775860559822 0.5224503990597373 -0.7546462437403869 -0.9785023242241604 0.47167028434325253 -0.6103364882433562 -0.42624612260815287 -0.33544647080174306 0.19168104770211647 -0.2794177416439547 
-0.7546462437403869 -0.9785023242241604 0.47167028434325253 -0.6103364882433562 0.9193988930524191 0.7928055586686191 0.0958447537851006 0.4890432401515812 -0.5326938807017896 -0.20395482372022 0.4453419822530451 -0.9382869855887348 
-0.5326938807017896 -0.20395482372022 0.4453419822530451 -0.9382869855887348 -0.32487669478635217 0.39604434023212964 0.7756091084516257 0.012463452063372404 0.930371948880609 0.3712388256483976 -0.7771302831734195 -0.38269278258953077 
-0.32487669478635217 0.39604434023212964 0.7756091084516257 0.012463452063372404 -0.16525478290680384 -0.8135948270403599 0.6949181859364595 -0.13664067335721963 0.3798157315491071 0.9949725700228882 0.04729581352654999 0.5810527233920038 
-0.29152992210041595 0.020945051908459078 -0.23793722320587696 0.524587156032138 -0.15436064082961365 0.3502529965546217 -0.5134185853125324 -0.7231915207763444 -0.8881285910522221 -0.34638403863320866 -0.9769855575539639 -0.12816531513523377 
0.8343405314603154 0.5931626405941821 -0.13874116326870767 0.11541698922084698 -0.9189147616270392 0.1650574974881196 -0.9331417015904402 0.18831809429949775 0.33804951157013163 -0.8098627376993435 -0.5492815495668872 0.4358168622734042 
-0.6544458352310745 -0.45447828574460236 -0.24222239943152446 0.5180610758007516 -0.8776335059740232 0.11268551583168551 0.0796022057265231 0.35612163350340453 0.36081747548681986 -0.31344558880509243 -0.32476327069619804 -0.2331042127489511 
-0.6544458352310745 -0.45447828574460236 -0.24222239943152446 0.5180610758007516 -0.9187412919511406 0.7878541551365539 -0.8781483955744194 0.805542162237602 0.9079885958499387 0.6992431703090563 -0.2968716738753887 -0.10445232017090311 
0.9079885958499387 0.6992431703090563 -0.2968716738753887 -0.10445232017090311 0.24391417326329012 0.4185291541921883 -0.9487383626402304 -0.8140500673675708 0.2741971548615576 -0.045650493852420926 -0.9176545363956154 -0.5420294196125368 
-0.3974807344670057 -0.16485154034415772 -0.44141357403103787 0.6266079803589346 0.8593884554724733 0.17742796877407052 0.39747330338262854 -0.113059543468216 0.10991432197133366 0.5764343732362058 0.5982163646901799 0.013318779749614595 
-0.3974807344670057 -0.16485154034415772 -0.44141357403103787 0.6266079803589346 -0.6966009001586821 0.2786910531387574 -0.9235943197912313 -0.9616406338719024 -0.8521587695914155 0.005361609418521818 -0.525139594113001 0.04188019095888729 
-0.6966009001586821 0.2786910531387574 -0.9235943197912313 -0.9616406338719024 -0.8901530106615514 0.9268667524589589 -0.0591467926686271 -0.7134243536249705 -0.6012443932460008 -0.4250961117717862 -0.8571007071855805 0.8769293400233322 
-0.6966009001586821 0.2786910531387574 -0.9235943197912313 -0.9616406338719024 -0.7415908714031194 -0.5563140187382583 0.8893052854518511 -0.46729972417213617 0.6308634350077176 -0.10669451775438699 -0.5633739287504613 -0.6533508215845558 
-0.7415908714031194 -0.5563140187382583 0.8893052854518511 -0.46729972417213617 0.9407225604475085 -0.16941441293085613 0.15150241928451158 -0.3236871226410476 -0.39870114284477465 0.765232433480179 0.7406642430612147 0.992617488855047 
0.28028474431586003 -0.8759656659380846 -0.8728270428042637 -0.76574572601554 0.6105028433970374 -0.3535691897149873 -0.3938295933477951 0.5231708231090031 -0.7213347437162614 -0.2789252740489918 -0.7513092633807452 -0.19269677133281382 
-0.7727672730085318 -0.6891647304951358 0.7309756355587091 -0.4697219997015214 0.34102819229377945 0.9280424849307434 0.44417159211683677 -0.3162375464488141 0.6573160108473823 -0.021925122029426092 -0.6008401836805017 0.1389028802326553 
0.5226842829046054 -0.5239696425833043 0.09838145357320327 -0.0723643829581051 -0.7132943087098047 -0.18024555300566836 -0.63105588106699 -0.8705086894315861 0.35628680196979 0.7605991085208574 0.5185912700971671 0.002700106670458835 
0.35628680196979 0.7605991085208574 0.5185912700971671 0.002700106670458835 -0.7261595556090028 -0.9846748991936827 0.7331471116387196 0.7534919228923731 0.26610574179610946 0.34129461975967 -0.47037443934340084 -0.7947141960338229 
-0.7261595556090028 -0.9846748991936827 0.7331471116387196 0.7534919228923731 -0.29818286125000615 -0.2018705756604655 0.6070322047043086 0.4388685670786743 0.36601839244850676 -0.22891877129292615 0.7799005588016588 0.2787950889569015 
-0.7261595556090028 -0.9846748991936827 0.7331471116387196 0.7534919228923731 0.19052883388569808 0.0032203985980547856 0.7546853493170109 -0.33398375429265115 -0.9754355563725341 -0.48012152043964296 0.6929597950511506 0.1578322722546044 
0.1652978574188564 0.6841895988892501 -0.03003511981342233 -0.045485013406259656 -0.6082453073903142 0.4724427917426437 -0.5940598259340293 0.1102715531724423 0.07719077022548793 -0.9589298259781185 -0.5220903379506183 -0.6587535594401916 
-0.04957404025388712 0.2090887680601754 0.7312371285873227 0.30798295384481933 0.49739969110609605 -0.23769015029269913 0.3125603339238734 -0.22870859663424747 -0.6490048488999127 -0.863723592705576 0.6092595942634143 0.3056574999422852 
0.2518692124040087 0.6101381821342564 0.5587059685376488 0.5091245978831687 0.35985387794433676 0.9469918959576951 -0.10277424558088577 0.33016923112238294 0.09564479785452784 0.12550335178831173 -0.21990264042910268 0.6469972779654749 
-0.48709720992707384 0.4974305757052486 0.8153566149495903 0.10848048907971242 -0.007543396460306218 -0.015018239708531222 0.0014915561588229043 -0.5447552410007908 0.41566953790024885 0.12999789151778773 0.22692217100136425 0.494132578742581 
-0.48709720992707384 0.4974305757052486 0.8153566149495903 0.10848048907971242 0.2712131170646206 -0.5386251865717431 0.8014070298102327 -0.30663572892142565 -0.40601250341262185 -0.16007443921799602 0.7532290467919327 0.51906072636725 
-0.40601250341262185 -0.16007443921799602 0.7532290467919327 0.51906072636725 -0.7923516475583754 -0.700408063237159 0.3902053145246196 0.7189683852648523 -0.9624411439064624 0.3077992430076808 -0.4778364288992505 0.8819028743635349 
-0.40601250341262185 -0.16007443921799602 0.7532290467919327 0.51906072636725 -0.6060637227933336 -0.14333208031860778 -0.11194047480462332 -0.10580200789025729 0.7178925129779719 -0.2908886467181231 0.5146813760324185 -0.0754489461970893 
-0.40601250341262185 -0.16007443921799602 0.7532290467919327 0.51906072636725 -0.7931134278510215 -0.9282289964550512 -0.7189178492586432 -0.5981486332334767 -0.9559537070850026 -0.508805062320997 0.9112720566976684 -0.9979350615075335 
-0.9559537070850026 -0.508805062320997 0.9112720566976684 -0.9979350615075335 0.8244324753108132 -0.746212121385301 0.5141298414265676 -0.14973730196552837 -0.4183665601425366 -0.38040206334583293 0.2349550061168324 -0.5471106854529024 
-0.9559537070850026 -0.508805062320997 0.9112720566976684 -0.9979350615075335 -0.34598425365932073 -0.8345041430087283 -0.17636438528313647 0.5822461088276221 0.7942391143032403 -0.5853789994069873 -0.36744012600581377 -0.16117282207931627 
-0.9559537070850026 -0.508805062320997 0.9112720566976684 -0.9979350615075335 0.20377379558075348 -0.43789217843387895 0.31509708172939654 -0.31723432841495125 0.730884301880361 -0.4960530580153619 0.35147804959985396 0.039540866725185975 
0.730884301880361 -0.4960530580153619 0.35147804959985396 0.039540866725185975 0.040526482202621006 0.3578568795367416 0.13052137508281758 -0.45811888146914415 0.6238910122335528 0.44346547079116205 -6.862534302560785E-4 -0.7844730241124553 
0.730884301880361 -0.4960530580153619 0.35147804959985396 0.039540866725185975 0.5590725166250854 0.8106937148822206 0.4628622285940702 -0.471949308117694 -0.9290358786833488 -0.6165543319278808 -0.5630234900285536 -0.41919537673174867 
0.730884301880361 -0.4960530580153619 0.35147804959985396 0.039540866725185975 0.46482033925580124 0.07721900294481032 -0.8741477755141991 0.2758971611266261 0.7159174079972621 0.38218809305065804 0.13619283993702047 -0.2216520903118937 
0.46482033925580124 0.07721900294481032 -0.8741477755141991 0.2758971611266261 -0.0035105831760897654 -0.8191372285398002 -0.4874467189605638 0.5877352600993817 -0.22036672947818103 -0.3010448129043293 0.2609556308033707 0.3547935987006521 
-0.22036672947818103 -0.3010448129043293 0.2609556308033707 0.3547935987006521 0.04144075728500307 -0.8011306087094605 0.5428003622993516 -0.16653068905674395 0.49437505558241535 -0.07292495679961375 -0.02933551458190986 -0.15070786044980045 
-0.22036672947818103 -0.3010448129043293 0.2609556308033707 0.3547935987006521 0.019800684804995416 0.5956482867648654 0.08778698331407231 0.9088515739597014 0.1230791534933724 0.9198475020845611 -0.7016367400353531 -0.26456334441416707 
0.1230791534933724 0.9198475020845611 -0.7016367400353531 -0.26456334441416707 -0.13063344059962545 0.3133156008805775 -0.5259829061029286 0.8054214078572655 0.6254350593171114 0.6040932390087927 0.6509642173879844 -0.04473112646972721 
0.1230791534933724 0.9198475020845611 -0.7016367400353531 -0.26456334441416707 0.7337461304180153 0.4727208986418838 0.3648912540668212 -0.46805431192332825 -0.9607304781995336 0.7607280839032777 0.6629874482915741 0.11972479185967866 
0.6667540292109617 0.7608348825837621 -0.9752032168654488 -0.10097228027363836 0.3836039314071311 -0.8893815031133103 -0.5010392602904941 0.9546688032719743 -0.9202122855547152 0.22925252523586792 -0.8367248286165563 0.5572744169193973 
0.6667540292109617 0.7608348825837621 -0.9752032168654488 -0.10097228027363836 0.4099380601570952 0.07124225359628555 -0.6230786902263932 -0.08382824593443483 0.7496141277559636 -0.9117243194481306 -0.10608633212248897 -0.8334364557068419 
0.4099380601570952 0.07124225359628555 -0.6230786902263932 -0.08382824593443483 -0.14154912636304484 0.886216715995465 0.8843607206369459 0.9515752079204309 -0.8945495775893719 0.7764155177229057 -0.19445547557128484 0.9492002263302961 
0.9388719052420993 -0.3365761475288418 -0.9374691449000876 0.8987237890495057 -0.8248554019428587 -0.8088556392370334 -0.081014784152448 -0.14946938614377703 0.24351675803122919 0.31674317971990384 0.49382642215161554 0.025934370089627512 
0.006823727212458053 -0.8608909372777851 0.07770369557329748 0.9515415019619504 -0.9562025685576181 -0.6642282593709561 0.06476436634398919 0.7959820142507628 0.7677659653120641 0.49684919091643587 -0.9539414401334647 -0.21644479178950538 
-0.9562025685576181 -0.6642282593709561 0.06476436634398919 0.7959820142507628 -0.0035441567323273304 0.3356220497549143 0.4153317207430369 -0.4168486964505318 0.1340057844056004 -0.18235543710391022 0.6510515378970094 -0.044936943473628865 
-0.9162816782902374 0.6525249943898026 -0.884712760316491 0.12476023112162138 -0.09818407487011727 -0.9806964055077296 0.8248087537539166 0.16404404618903334 0.1287273022499198 0.7814600464333126 0.44847452887035266 -0.3685826282551887 
-0.09818407487011727 -0.9806964055077296 0.8248087537539166 0.16404404618903334 -0.9613903819014893 -0.517278160584846 0.8113704004972819 0.045955390545010966 0.44826743944943304 0.6896018559806321 -0.34288897130771767 0.4082601038915177 
-0.9613903819014893 -0.517278160584846 0.8113704004972819 0.045955390545010966 -0.14190850819531375 -0.3828559568667458 -0.9102036547158647 -0.11310244765206567 -0.2129726884988712 0.7194318754437667 0.47704386067545257 -0.9794573274992633 
-0.14190850819531375 -0.3828559568667458 -0.9102036547158647 -0.11310244765206567 0.9035747558169864 0.7586373926316083 -0.3596433556049792 -0.7742636632052482 0.49062833681192064 0.5420759576245091 -0.5912511853843279 -0.6223756434231655 
-0.14190850819531375 -0.3828559568667458 -0.9102036547158647 -0.11310244765206567 0.030218933838422224 0.3278484021005703 0.574339477627225 0.4660540142177747 -0.931085566910816 -0.12862119878611922 -0.6939795901090553 0.897164411034036 
-0.14190850819531375 -0.3828559568667458 -0.9102036547158647 -0.11310244765206567 -0.13593463354133228 -0.49315434585425444 0.7444407065728995 0.11860764283001402 0.885479302953051 0.45069065202468295 0.5223576921182409 -0.9715655506794771 
-0.13593463354133228 -0.49315434585425444 0.7444407065728995 0.11860764283001402 -0.3231577716416141 0.628915312416976 0.40993826032674807 -0.7449308850985108 -0.6415273896551226 0.6559120894284853 -0.965651652191263 0.05106908293576162 
-0.070551862427922 -0.9972275770367698 -0.7077933516631991 -0.2345750692980071 -0.7779808393798415 0.16589029573525904 -0.9568086823490765 -0.7791497980735469 0.016057461763431036 -0.7901944597077883 0.23557542518564922 0.6863978275479701 
0.5039428980171505 -0.699238489275607 -0.08789122806144145 -0.16994623785792218 0.3393354056173923 0.9074017488494488 0.03447521139160936 -0.9601619384891471 0.5192500481447673 0.40293079392977327 -0.8248166939537596 0.3846500606106871 
0.5192500481447673 0.40293079392977327 -0.8248166939537596 0.3846500606106871 -0.4198974434740359 -0.4020513235901859 0.6913136329013407 -0.037931614140127135 0.54606827001903 0.5502006430365352 -0.30039164143573793 0.7517298748870187 
-0.4198974434740359 -0.4020513235901859 0.6913136329013407 -0.037931614140127135 0.7289568418113224 -0.33669435369536904 -0.3564485492452807 0.9047472037143724 0.6719330332512521 -0.5140664622895679 -0.5253013759623957 0.29793885227285055 
0.6828425338845885 0.9354529314297273 0.2158987824450589 -0.4706469631609287 -0.07954612497194846 -0.6046702110789719 0.48316464944792625 0.4857399660148982 -0.9138079875630325 0.6788129311210089 0.6808305469288427 -0.6040240206404475 
0.7911793558677309 -0.004306639557470016 -0.9727424325897831 -0.16749646485363145 -0.9792018812198353 0.483987088281298 -0.3808523664185539 0.10576015041032116 0.8794804668954481 0.34255895741782494 -0.1986208864768566 -0.4920539019066308 
0.8794804668954481 0.34255895741782494 -0.1986208864768566 -0.4920539019066308 -0.8817686090366781 -0.07855846470809524 0.9509085341046473 -0.6250059174423757 -0.45326462010193924 -0.07231467434308247 0.9358925263169777 0.6919317122718294 
-0.8817686090366781 -0.07855846470809524 0.9509085341046473 -0.6250059174423757 0.7857327801370568 -0.1572791185869662 0.9922406016407928 -0.8083136658636523 0.5673136247674917 -0.8344648758763704 0.24581392379345535 0.9834091129765425 
-0.8817686090366781 -0.07855846470809524 0.9509085341046473 -0.6250059174423757 -0.9921268549354569 -0.4234888171537359 0.28199655279207314 -0.852651942117931 0.47978306152807293 0.5754188722734628 -0.646077165547698 -0.21922915040761115 
0.47978306152807293 0.5754188722734628 -0.646077165547698 -0.21922915040761115 -0.7191543307512334 0.6736737648592415 0.8424865391608436 -0.3122021812837996 -0.6908955694028511 0.03689547240680291 -0.9025093040397716 -0.3021304946632397 
-0.7191543307512334 0.6736737648592415 0.8424865391608436 -0.3122021812837996 0.2359887078859484 -0.8453517160247557 -0.42879314007183456 -0.35593387335403803 -0.8447367045931402 -0.31380255069179697 -0.1821049351280175 -0.4349107232232521 
0.2359887078859484 -0.8453517160247557 -0.42879314007183456 -0.35593387335403803 0.4110877104636754 -0.6780606355861296 0.8384576462532041 0.46298907705451287 0.761475483628258 0.5913938581239244 0.9689457574291516 -0.9023890289333907 
0.49823405913859053 0.17654767303530283 -0.8025534127289362 0.24851631517774675 0.4451982646763144 -0.9145660791647945 -0.5963615091670806 -0.2955163238390295 0.7905035130623177 0.22914547110170713 -0.8914451236848056 0.609003014932959 
0.23684160038649837 0.2880793988487198 0.7229460941029342 -0.30926423960869776 0.23714200061901458 0.3774659821912707 0.901887457521968 0.6506412595806579 0.17975657447832027 -0.8605051244800352 0.6214563239521165 -0.32553078484602627 
0.17975657447832027 -0.8605051244800352 0.6214563239521165 -0.32553078484602627 -0.652948449964941 0.006118707777745591 0.3953011542604341 0.8717320857508717 0.30247134934355957 0.5492867035050331 0.4400317962263929 -0.6391232812635139 
0.30247134934355957 0.5492867035050331 0.4400317962263929 -0.6391232812635139 0.9570997776723877 0.928538854981448 -0.09355432735019509 -0.6726181101598132 -0.5297013303194704 0.4725803713705956 0.6373821903806558 0.15972445327478635 
-0.5297013303194704 0.4725803713705956 0.6373821903806558 0.15972445327478635 -0.43618975849293484 0.9941541940225538 0.49644341990491636 -0.5922800596094528 0.5605378828561616 -0.9147565436786174 -0.7518268593673973 -0.9895352621922366 
-0.5297013303194704 0.4725803713705956 0.6373821903806558 0.15972445327478635 0.824493921181942 -0.16169036507685797 -0.16863440633954796 0.7469528661561364 0.47832498636778187 0.9131246655805292 0.5897531359809107 0.7479316095692017 
-0.26016784823454886 -0.738688459181853 -0.5594820750281886 0.8986492374564099 -0.25867812277892943 -0.83836186344015 0.8079528420810786 0.5271551299657318 -0.3613236623646694 -0.8732098419397454 -0.00453466412161041 0.358082710853852 
-0.26016784823454886 -0.738688459181853 -0.5594820750281886 0.8986492374564099 0.806449744247393 0.9352541089291249 0.9045961776749778 -0.10139763856647899 0.8415752533054264 -0.44347910871730556 0.8191531515057202 -0.6299836348880559 
-0.26016784823454886 -0.738688459181853 -0.5594820750281886 0.8986492374564099 -0.7954680522293238 0.1201059726636109 0.7724993768155217 -0.5178977699233065 -0.6413043064703556 0.1931077631593563 -0.5965247907442088 -0.26689105834936244 
0.705562359798622 0.7892199032206699 0.8858307198629245 0.8772212049466281 -0.05747813522058687 0.8816247749015638 0.01620967965457476 0.5661300740689921 0.02850431659015018 0.5686071814966562 0.27622507364064997 0.48921383336791346 
0.5264481733586617 0.1191089320882841 0.6910517600535468 0.9933148648707875 -0.2871076514018498 0.7469049952347404 0.035102265725606596 -0.291378177631487 0.18889501976633305 -0.8320606174441625 -0.45952827454424594 -0.9806599262111353 
0.18889501976633305 -0.8320606174441625 -0.45952827454424594 -0.9806599262111353 -0.36394614075587484 -0.4451814869794217 0.9427212756906502 -0.6676937809989323 0.25285159081305064 -0.2850873883495997 0.8156076554316314 0.5792288926690536 
-0.971694911904498 -0.5259341797147814 -0.2752779457404395 0.5852146337113318 -0.24162257288976097 0.08138883550820841 -0.7442610390687203 -0.0643345827412205 0.9554587693993961 -0.2719902818764941 0.6728561442478482 0.43140681097137135 
0.9554587693993961 -0.2719902818764941 0.6728561442478482 0.43140681097137135 -0.3869980709557348 -0.15430350383649838 0.33375566132194945 0.24976904234967945 -0.4585062648808378 0.4524402559071261 -0.5191500969269336 -0.6978396555549096 
-0.3869980709557348 -0.15430350383649838 0.33375566132194945 0.24976904234967945 -0.9973381901623279 0.006260301214217723 -0.7894427670892503 -0.7078161402966829 0.7619672472849794 -0.9642447287105955 -0.4947936865499909 0.980442989479815 
-0.3869980709557348 -0.15430350383649838 0.33375566132194945 0.24976904234967945 -0.46401078370970894 0.11454163900698044 -0.8911502833498226 0.3701293323753372 -0.48756409020566527 0.1372616630459107 -0.8050465235447248 -0.4781618832002412 
-0.3869980709557348 -0.15430350383649838 0.33375566132194945 0.24976904234967945 0.585801140250094 0.038102730518675854 0.5900213655529789 0.9115653186141359 0.2567403159330306 -0.14320601184017878 0.6670077177107949 0.8479619704100649 
0.37129050376488926 -0.7849658591703204 0.02040305787642338 -0.2719710496265424 -0.16186975648556 0.3433598050892519 -0.6631251147902149 -0.2579835995554154 -0.83698921178966 -0.8793197330764637 -0.5351654168740496 -0.36921829206638956 
-0.7491444609126894 0.9112403006082617 0.07259903634244602 -0.30236568727817215 0.48725870554075734 0.40063937975468833 -0.7611638413853816 -0.060272630752320255 0.7654130055489632 -0.4234899712183937 0.32298580537502386 -0.08681948410783558 
-0.7491444609126894 0.9112403006082617 0.07259903634244602 -0.30236568727817215 -0.6956850580823759 -0.6339226916841896 -0.22311373734694429 0.8742165227590826 0.2743425383221667 0.5800586071586087 -0.05800962050967584 -0.13994505252634504 
0.2743425383221667 0.5800586071586087 -0.05800962050967584 -0.13994505252634504 0.7845322323506789 -0.3597545120488794 0.432951826461067 -0.02538304910740763 0.4773491913191077 0.6853301798013922 0.37954354426147185 -0.2972585765863698 
-0.7127656192588239 0.5153508009239387 0.6712731169162285 -0.046165539985790316 -0.32829816812590296 0.6184785720589041 0.21271810388380819 0.8292698386227597 -0.44667765546888205 0.025965484077701717 -0.02501664837126194 0.25293603614724325 
-0.7127656192588239 0.5153508009239387 0.6712731169162285 -0.046165539985790316 -0.42173230455767574 0.9501888796332942 -0.5597765430320116 0.2066980964009255 0.39327214884336703 -0.8266398353860482 -0.8382530086886786 -0.0315289644205996 
-0.7127656192588239 0.5153508009239387 0.6712731169162285 -0.046165539985790316 0.3834394340053642 -0.12667604272707012 -0.4588054993770312 0.43569715109111895 -0.9029443576252134 0.4968818348729529 0.3195466011658228 -0.286700605134947 
-0.7127656192588239 0.5153508009239387 0.6712731169162285 -0.046165539985790316 -0.3408611595301707 -0.9126488142998976 -0.9115204747051717 -0.10019648339485276 -0.8341490854384055 0.9962434559291897 -0.13083154738181957 -0.21016502862161168 
-0.7127656192588239 0.5153508009239387 0.6712731169162285 -0.046165539985790316 0.8929646872476318 -0.9123787057421404 -0.306695732739668 0.020557013330448903 -0.24747531900415942 0.04837358152231963 0.18819249080765643 0.6393715664082127 
-0.7127656192588239 0.5153508009239387 0.6712731169162285 -0.046165539985790316 0.549090552221474 -0.8559894437475304 -0.3826288493325183 -0.7426057033593794 -0.6256245136789531 0.1963878512328594 0.04875103452390683 -0.3626125776286584 
-0.7127656192588239 0.5153508009239387 0.6712731169162285 -0.046165539985790316 0.3193194620800439 -0.036162841895842845 0.5449292066141502 0.9993626982850281 -0.27331027672558394 -0.8214080115086091 -0.08574086206588882 0.82405274056863 
0.3193194620800439 -0.036162841895842845 0.5449292066141502 0.9993626982850281 0.36468868623398554 -0.23785614387799203 -0.9853797755042697 0.05563316430773324 0.027166045493827395 0.40775268875229864 0.5540307097503308 0.023490269212357084 
0.00903924112661536 -0.9995752835565686 0.5720945570651699 0.35333853198533527 -0.9572490604820931 0.16343285843849897 -0.2523465622317034 -0.37332389369846286 -0.5967390527810974 0.9336205389180254 0.6067918952187286 -0.6337831397059099 
0.00903924112661536 -0.9995752835565686 0.5720945570651699 0.35333853198533527 -0.9157277247599283 0.06362565564662326 -0.35348112365268114 0.5714521156029906 0.49620229289624906 0.6565697226633893 -0.282204789205869 0.4692484108183632 
-0.9157277247599283 0.06362565564662326 -0.35348112365268114 0.5714521156029906 -0.2595534310702172 -0.8838635212892876 -0.6101695046378577 -0.28649098199749656 0.25861238375148865 -0.3593796410857568 0.9265084461362778 0.06817842670978425 
-0.2595534310702172 -0.8838635212892876 -0.6101695046378577 -0.28649098199749656 0.09888185966251739 -0.9537255548608585 0.6907959444278144 0.3777517024843189 -0.4011854346313999 -0.3843988722051326 -0.21341600657813586 -0.7926588379173489 
0.09888185966251739 -0.9537255548608585 0.6907959444278144 0.3777517024843189 -0.6845035828035617 -0.8216041918658854 0.056449042819356476 0.8098649829049747 -0.6327973993125395 0.24779696684805064 0.5742920410226175 0.9569201490580435 
-0.6845035828035617 -0.8216041918658854 0.056449042819356476 0.8098649829049747 -0.5214149669446824 0.8024533223020951 -0.37842214704885957 0.43187924154179647 0.5192148368883494 -0.7310649308968149 -0.09282966466280418 -0.41592109395134136 
0.5192148368883494 -0.7310649308968149 -0.09282966466280418 -0.41592109395134136 0.35215757588794916 0.6969955475255152 0.4209494929807862 0.8020895837262407 0.4007112598787681 0.06021719815997262 -0.12309003805997376 0.24639735798497142 
0.5192148368883494 -0.7310649308968149 -0.09282966466280418 -0.41592109395134136 -0.564783461311072 -0.14771667822522905 0.8944542052207969 0.8619093969770859 0.9919044112803108 0.5321689878135776 0.6615335247777685 0.5096981800802485 
-0.564783461311072 -0.14771667822522905 0.8944542052207969 0.8619093969770859 0.8484818371961145 -0.7453564206890888 -0.6270697007489086 -0.24119057796134347 0.5963911233263663 -0.2177166767910652 0.5078537946809474 -0.3854709797223965 
-0.564783461311072 -0.14771667822522905 0.8944542052207969 0.8619093969770859 -0.6633028504218876 -0.8242317734626685 0.08875759334493782 -0.0620779736878907 -0.3126193925234353 -0.39676385430484995 -0.42992729649189876 -0.06435404089491259 
-0.564783461311072 -0.14771667822522905 0.8944542052207969 0.8619093969770859 0.5405408911470915 0.453217169292657 0.4628525490119635 -0.4061140859770995 -0.38874799687213346 0.9133466476876222 0.7403845260700836 -0.6595945129799061 
-0.564783461311072 -0.14771667822522905 0.8944542052207969 0.8619093969770859 0.7395348779576247 -0.28094552899138603 0.20538168394661405 -0.5011167979177036 -0.6998334384871192 -0.8788976403500706 0.9490927874950295 -0.05402870479797439 
-0.564783461311072 -0.14771667822522905 0.8944542052207969 0.8619093969770859 0.5546581418887191 -0.7294134844825355 0.5969867238207796 0.7377379809667493 -0.4506856364614147 -0.41974109477631427 -0.16403979336369212 -0.35969793656642546 
-0.564783461311072 -0.14771667822522905 0.8944542052207969 0.8619093969770859 0.39580567653604737 0.6849867512854138 0.6829965200314574 -0.13295277249097026 -0.9941646942339828 -0.6238977667861032 0.18553101321366228 -0.8782413020531228 
-0.564783461311072 -0.14771667822522905 0.8944542052207969 0.8619093969770859 -0.4321428972729169 0.8141976460098459 -0.9381839523880766 0.9055891035865735 0.30485991806743784 0.9502140752955452 -0.9054274005841312 -0.8465262052213696 
-0.564783461311072 -0.14771667822522905 0.8944542052207969 0.8619093969770859 -0.5685014287559389 0.5226302367253961 0.9039410925313454 0.3182085069567251 0.9174021403111308 -0.06264853212594379 -0.5220208458968643 0.24823382998001908 
-0.5685014287559389 0.5226302367253961 0.9039410925313454 0.3182085069567251 0.21074533438715815 0.9043398383906569 0.10685390342003465 0.3605825016248747 0.2456548263518199 -0.09229317258307868 0.37448817648694743 -0.9420021151792275 
-0.5685014287559389 0.5226302367253961 0.9039410925313454 0.3182085069567251 -0.7217228535220477 -0.3845044611787274 0.3175030376429553 -0.060480475202086215 0.6080742923363516 0.8752117677765179 0.4876479948083565 -0.8735208830129801 
0.7307811360004643 0.4981270834668263 0.7782252676385497 -0.9914773182068675 0.7239445645771723 0.11177587511821074 0.2130025818132455 0.9347987691347925 0.4737917709101287 -0.7606334258082248 0.12264428064640898 0.08210580205831763 
0.7307811360004643 0.4981270834668263 0.7782252676385497 -0.9914773182068675 0.9931764559964618 -0.028690313404339474 -0.9295632227901731 -0.8083177974033737 0.7074150684087837 -0.5877064305891577 0.07895677176951321 0.46196685452608 
0.7307811360004643 0.4981270834668263 0.7782252676385497 -0.9914773182068675 -0.8435027282059651 -0.45079127004587516 -0.23968204689528894 -0.45914063513758463 -0.014736371344578725 0.05387549602172581 -0.23367872476335516 -0.4320102217212616 
0.7307811360004643 0.4981270834668263 0.7782252676385497 -0.9914773182068675 0.5351419607096242 -0.592059091100392 0.5244890735444785 0.7186346904022853 -0.5275781446753702 -0.2036921772397755 0.8510950957528978 0.7211531561063855 
-0.5275781446753702 -0.2036921772397755 0.8510950957528978 0.7211531561063855 -0.68905509554238 0.7999364980661581 0.5674755051988529 0.7776396339834519 0.276557012878236 0.09000394411036883 0.1515213761994303 0.7528405237614548 
-0.68905509554238 0.7999364980661581 0.5674755051988529 0.7776396339834519 -0.13828812557522374 0.456323074939573 -0.30611746867394163 -0.3580601934298038 0.5756568853212314 0.9136845668154234 -0.04523340887664329 -0.23207859354697824 
-0.68905509554238 0.7999364980661581 0.5674755051988529 0.7776396339834519 -0.857319838435137 0.11789907793568921 -0.26778165471961324 0.3430031700688616 -0.8735680572875244 -0.3913359164123169 0.9805585722347165 -0.5965401659088441 
-0.8735680572875244 -0.3913359164123169 0.9805585722347165 -0.5965401659088441 0.022542208358874438 -0.5063805204127965 0.30714178537746006 -0.8594461327754508 0.276939933640141 -0.18161013960892713 -0.7844029361618519 -0.22813221877861456 
-0.8735680572875244 -0.3913359164123169 0.9805585722347165 -0.5965401659088441 -0.6053716536796041 0.2563166140180877 -0.1383152330674733 -0.5639013096088976 0.344234238901747 -0.11390028971667521 0.7288317441455372 -0.7276375209440478 
-0.8735680572875244 -0.3913359164123169 0.9805585722347165 -0.5965401659088441 -0.2374974662392797 -0.8102143826035666 0.5562653807863143 -0.7346481287189464 0.14062446510388216 -0.7900005565488419 0.44019789250603814 0.1981160528777921 
-0.8735680572875244 -0.3913359164123169 0.9805585722347165 -0.5965401659088441 0.8794747552094657 0.04952345003462977 -0.3147834736820181 0.07775664764191781 0.8640943925750701 -0.4379695871198541 -0.8023057021926152 -0.4216123852347393 
-0.8735680572875244 -0.3913359164123169 0.9805585722347165 -0.5965401659088441 -0.7441747445731837 0.1173829953337624 0.8019434447038605 0.053368272702480235 0.2727640799813664 0.606687106968981 -0.0694822284575598 -0.9395606662881022 
-0.7441747445731837 0.1173829953337624 0.8019434447038605 0.053368272702480235 0.4695332405586956 -0.7738045455047378 -0.1650758513191457 0.4373845407371941 0.42808011042091487 -0.3745720111253561 -0.2731552449874677 -0.7739884127269432 
-0.7441747445731837 0.1173829953337624 0.8019434447038605 0.053368272702480235 -0.32874641462900134 0.2501787901291799 0.5481730335368742 0.012879419272485482 -0.17769302539625076 0.7676023074779981 -0.29728911931789015 -0.012862798293210354 
-0.7441747445731837 0.1173829953337624 0.8019434447038605 0.053368272702480235 0.46820288588691295 0.8157376611895861 -0.7385714254735434 0.6628166058557152 -0.4363456158287291 -0.17477852130080396 -0.6579489216301564 0.37136590742554887 
-0.7441747445731837 0.1173829953337624 0.8019434447038605 0.053368272702480235 0.7748545684967485 -0.10611375473333662 0.5629611779979418 0.6692525841682926 -0.8060016338972646 -0.49539696111865683 0.49404418148960616 -0.09456600773957313 
-0.7441747445731837 0.1173829953337624 0.8019434447038605 0.053368272702480235 -0.9572166197649454 0.3758796307002308 0.18042563752255814 -0.3838310376836036 0.9371048304701199 -0.8311030192279103 -0.8469304876487147 -0.5575728535244395 
0.9371048304701199 -0.8311030192279103 -0.8469304876487147 -0.5575728535244395 0.20256011127060058 -0.3210983180959379 0.02149211672301088 -0.336686472553579 -0.7761097971325168 0.3285001768913711 -0.5765447992449433 0.7548195505805502 
-0.16337862162860817 0.3009320158953188 -0.3333632390226948 -0.7515203564261339 -0.3383291085992677 -0.48795169245658254 0.2914702354288794 0.5906595823496199 0.9665689873524248 -0.9539841127814574 -0.6822608219542703 0.9770750733658109 
-0.16337862162860817 0.3009320158953188 -0.3333632390226948 -0.7515203564261339 -0.2848408628775063 -0.6502017154730477 -0.9880993525340531 0.026182267083744604 0.37320880611755447 0.07985947147178818 0.9959795028633793 -0.9298990394622806 
-0.16337862162860817 0.3009320158953188 -0.3333632390226948 -0.7515203564261339 0.9612853097937546 0.00745919559378283 0.2242950223231439 0.7349404553714569 -0.13751991614582315 -0.6311936226441519 0.21263345832103897 0.736357887983135 
0.9612853097937546 0.00745919559378283 0.2242950223231439 0.7349404553714569 -0.21629815814831033 0.2070836316486686 -0.8091046406583164 0.9814319799632125 0.9786644517528731 0.9905090664515241 0.0682794320120379 0.5282831094529441 
-0.8191610233183473 0.650566038636756 -0.6674910647926287 0.26528393413085327 0.7746841256550165 -0.1376057910331876 -0.7641823017644753 -0.44520869626631643 0.556292939462862 0.24145271948748426 -0.5493463410856212 -0.7791431384402738 
-0.8191610233183473 0.650566038636756 -0.6674910647926287 0.26528393413085327 0.713834807462643 0.4762564448235038 -0.27553154617120046 0.6608700460572756 0.409186465601324 0.13302082388342118 0.7181155988200789 0.7000985965869106 
-0.14001359325599227 0.4105405055607678 -0.30088020242785585 -0.9476339698883229 -0.3044638289008872 -0.83859964599639 -0.984877197849076 0.6819725162860935 0.8927266992713867 -0.4543311853257832 0.34420167280959535 0.8818045510446502 
0.9759637079279866 0.7014552801777654 -0.6856528228980925 -0.8621840542814743 -0.7477116979064837 0.15579783546661297 -0.47215095852997835 0.9727194249418107 0.052333932160913754 -0.125211409458994 -0.13177902024075627 0.554611083032351 
-0.23784469311607492 -0.5069720025779745 0.7812838204041266 0.4530215183670496 0.30060668954407777 0.4728716955913097 -0.8678916375831194 -0.16575836063956584 0.536615782933658 -0.42615388097463347 0.18272751840816093 0.41607067041096735 
-0.23784469311607492 -0.5069720025779745 0.7812838204041266 0.4530215183670496 -0.16329972270833704 0.28041519202246246 0.39234974321004534 0.9292337412363865 0.7330513639772307 -0.3186658588071065 0.49875240383888975 -0.9422763595302648 
-0.23784469311607492 -0.5069720025779745 0.7812838204041266 0.4530215183670496 -0.2727958071337555 0.15485681316789734 0.9701043589033504 0.15770589368035282 0.43563100322460047 0.8289403595849125 0.5402996026944238 0.30629368724283323 
-0.23784469311607492 -0.5069720025779745 0.7812838204041266 0.4530215183670496 0.04965050009004646 -0.9583031710549368 -0.1702435422718407 0.5203268447421281 -0.5607113729875268 0.8746728940314192 0.1519869149788069 -0.38281898573658135 
-0.5607113729875268 0.8746728940314192 0.1519869149788069 -0.38281898573658135 0.4510697233346235 0.042849458145752584 -0.7866914756756349 -0.9229805160071167 -0.5976287243142779 0.3967725938900968 -0.9846875947925142 -0.860922803186724 
-0.5607113729875268 0.8746728940314192 0.1519869149788069 -0.38281898573658135 0.8363839713023804 -0.18321943879805502 0.6342957129302609 0.06819127431424032 8.414977965309767E-5 -0.031334982790013344 -0.18155781360411205 0.8257691260438789 
-0.5607113729875268 0.8746728940314192 0.1519869149788069 -0.38281898573658135 -0.024470363371001058 -0.0100313308217721 0.9689864871959397 0.28079860014857116 -0.8993847845502181 0.4678864356255601 0.6529928930554725 -0.3768375181409154 
-0.5607113729875268 0.8746728940314192 0.1519869149788069 -0.38281898573658135 -0.7609611928881064 -0.05295933356321236 -0.7804094489372639 0.06588631716966109 -0.9866481284088862 0.8914771567746411 -0.8074372272578121 0.005490017704951056 
-0.5607113729875268 0.8746728940314192 0.1519869149788069 -0.38281898573658135 -0.7246236944958881 -0.3057973422024389 -0.23770781136810148 -0.24233118432048117 0.7857204939837497 0.7046269225494386 0.9896734506338007 -0.014336564552609232 
-0.5607113729875268 0.8746728940314192 0.1519869149788069 -0.38281898573658135 -0.5857963196887885 0.5444281952195893 0.859775466707305 0.18700254870970667 0.008282788763441351 0.3841633559262878 -0.7761700073459412 -0.3883761593876427 
-0.912175978624802 -0.0564065376677787 0.429909927549353 -0.46607411691426326 0.07429121792321158 0.9941249886417203 -0.9354832281753211 -0.8596744267594632 0.8953391401267352 0.14930366901098746 0.8399810665200795 -0.16328842034121127 
-0.912175978624802 -0.0564065376677787 0.429909927549353 -0.46607411691426326 -0.6308288845426422 -0.9193792751612138 -0.8160496251247726 0.756232018790538 -0.982840982343953 -0.35506318158427574 -0.806182522109941 -0.9310075739953461 
-0.6308288845426422 -0.9193792751612138 -0.8160496251247726 0.756232018790538 0.6273830880133275 -0.610381022572315 0.2910070048836553 -0.5599456989836391 -0.4430797001605733 0.9223229540501405 -0.47099762708506776 0.7783450460793699 
0.6273830880133275 -0.610381022572315 0.2910070048836553 -0.5599456989836391 0.1410203583298295 0.4323891274034741 -0.16896695184131194 -0.5594480794079368 -0.0050682233857854975 0.8770053007973926 -0.831723918532751 0.9956290196636715 
0.1410203583298295 0.4323891274034741 -0.16896695184131194 -0.5594480794079368 -0.9248195025076702 -0.8460609946168709 -0.7407558408050994 0.1632605735232877 -0.36938519520832425 0.6876268987715992 -0.9945343732752601 -0.855762431810813 
-0.36938519520832425 0.6876268987715992 -0.9945343732752601 -0.855762431810813 -0.728586402663433 -0.14081762443005097 0.4342238778763421 0.3869065840182908 0.3345907439521043 -0.4353370256645601 -0.5397059556094759 0.24946339431352849 
-0.36938519520832425 0.6876268987715992 -0.9945343732752601 -0.855762431810813 -0.534521388444581 -0.04990480103061645 -0.223834455063612 -0.5479354630138988 0.6779048617352077 0.77374959148563 0.37726437601700846 -0.6963443975195092 
-0.534521388444581 -0.04990480103061645 -0.223834455063612 -0.5479354630138988 0.761658970649151 -0.30562740286929935 0.7590752278826007 -0.17297307372231518 0.002395202703931787 -0.5495499618461386 0.843793333840378 -0.17624079848398821 
-0.534521388444581 -0.04990480103061645 -0.223834455063612 -0.5479354630138988 -0.6658832355006381 0.31285207800879156 -0.0738310875265944 -0.0780722857307401 0.3713081218214025 0.6155078910697926 0.1230078883100949 0.2683753315522357 
-0.1098209971078905 0.6262457319999148 -0.06161344555698989 -0.36107230026456594 -0.37492105347663274 -0.853788077343085 -0.867348323452656 -0.3873528049309205 0.09819562520000158 0.47893837172363596 0.33808321640003736 -0.6215066392230459 
-0.1098209971078905 0.6262457319999148 -0.06161344555698989 -0.36107230026456594 -0.8618945465175629 0.8681945551399299 0.0629894939696598 -0.8469994435287882 0.1640349197024873 0.033131672628664566 0.9692319729126297 -0.9327458908029103 
0.1640349197024873 0.033131672628664566 0.9692319729126297 -0.9327458908029103 0.319572156315139 0.11590746447759925 -0.8297811466463902 0.5957836434093766 -0.6210059473215581 -0.8254912837868569 -0.5049750879248911 0.8121488235860315 
-0.10389443615820948 0.8620298890565443 -0.26789926328389435 -0.04618147035582654 -0.6197600939347954 0.31656840661411834 0.5288764651693196 0.9562456773128281 0.032484796251271986 -0.7176545009523803 -0.6758470627518409 -0.4807116652947232 
0.032484796251271986 -0.7176545009523803 -0.6758470627518409 -0.4807116652947232 0.39149883820057485 -0.3251834816572865 -0.9203437717655967 -0.741600676476559 -0.016233012725010987 -0.32657760771624567 0.07289437957796463 -0.4580483769278949 
0.032484796251271986 -0.7176545009523803 -0.6758470627518409 -0.4807116652947232 -0.30034331390465185 -0.3987675194508358 -0.7945042997070821 0.579936033896582 -0.7614803668486214 0.06964068203031837 0.08411866764876286 0.6457858757379094 
0.032484796251271986 -0.7176545009523803 -0.6758470627518409 -0.4807116652947232 -0.3570395376157254 0.061459239541698185 0.9824786924340208 -0.6300072100805796 0.20073205397720395 -0.4945074689380491 0.8672258242276054 0.6515479156030086 
0.032484796251271986 -0.7176545009523803 -0.6758470627518409 -0.4807116652947232 0.3006778168508022 0.577166108723211 -0.8861103039378113 -0.3651858328625184 -0.20393104967805709 0.9450016581688463 0.4494457029249179 -0.5558495214621235 
-0.20393104967805709 0.9450016581688463 0.4494457029249179 -0.5558495214621235 0.2510179715795371 -0.4368330212935787 0.6974967196756157 -0.5898918996691769 0.8808008363061925 0.2708088779451636 -0.8072927146654134 -0.6275559837372497 
-0.43877883681389696 0.5466019786706886 0.0807860098404487 -0.3120562316802784 0.541710027689494 0.8562694962311335 0.11890581397065203 0.5134319099733269 -0.36161032233616175 -0.8908246483663571 0.11014675852802047 0.8779093429017295 
0.541710027689494 0.8562694962311335 0.11890581397065203 0.5134319099733269 -0.1933767677393592 -0.7259074161598646 -0.12571201927792863 0.4446130161354207 0.8521440568280654 -0.13332243770978525 0.8776867075881958 0.32215325843259657 
0.8521440568280654 -0.13332243770978525 0.8776867075881958 0.32215325843259657 -0.353270093024711 0.25609036654305517 0.8212468719900825 0.9718836510773956 -0.20425093520853377 0.5184773524827468 0.3107595688848852 0.15520956099975503 
-0.9761815032030936 -0.5909002218927635 0.8677630357331996 -0.4894050324311956 -0.9135436119165827 -0.7497700255369113 0.5846497765229148 0.11695947478129742 0.32337069862007084 0.1017323358543254 0.2366022230628364 -0.12639198322342127 
-0.9761815032030936 -0.5909002218927635 0.8677630357331996 -0.4894050324311956 -0.9083669319855592 0.89238613240465 -0.39141585342055984 0.09631119288567414 -0.9953572638373009 -0.31201639131512304 0.35711185065665485 -0.700228594142208 
-0.9953572638373009 -0.31201639131512304 0.35711185065665485 -0.700228594142208 -0.4350832571101795 -0.9935919055319098 -0.5271127115544205 -0.8251139421687295 0.9769210837184603 0.4336383731562501 -0.8786519762099088 -0.3429746597008705 
0.2373127712873475 -0.6878247675132654 -0.7234558132928668 -0.055555151002181 0.2899654600942867 -0.11972094908328579 0.7035697885774461 0.7625530061934849 -0.6863399197368081 0.7814811223241194 -0.6148785304125632 -0.8238561455227187 
0.7504660566173629 -0.0783296939724889 -0.2601365809215015 -0.9026480762050246 0.455305437463029 -0.3997131541221235 -0.4036502946671112 0.6267552134809022 0.8529069833564282 0.267581276513734 0.46939219089403617 -0.7258010056438726 
-0.8861512103807752 -0.6867954134524779 -0.0029614875285892683 0.3582947905092917 0.9593569384277201 0.553132418556018 -0.5741005153928254 -0.6354890306176066 -0.5165868927394406 0.19174239822672812 -0.06786946442998132 0.4834741475467186 
0.5045269915520194 -0.8112958384369393 0.31676649568367776 0.02650537484773463 -0.8356415322438013 -0.4895065415699136 0.0620213654595696 -0.9095864343348028 0.6260015248055888 0.9965361426775476 -0.699957254665946 -0.2501535597396234 
0.5045269915520194 -0.8112958384369393 0.31676649568367776 0.02650537484773463 0.46432565315401786 0.17075241687391673 0.16920023020375874 -0.5010168191411812 -0.4868424992063931 -0.7279816465130944 0.09830582675509136 -0.6828750886759631 
-0.4868424992063931 -0.7279816465130944 0.09830582675509136 -0.6828750886759631 0.7624172445051682 -0.22942406420073413 0.6243194151734133 -0.5660612463845491 0.3243930667621866 0.2662682585667131 0.09312364614716051 -0.2924532964187456 
0.24101047108987328 -0.40664014873435583 -0.5218443723464095 0.7346155674549799 -0.14149145366834004 -0.36180267814291356 0.4017460950774747 -0.46200073017494847 -0.698138110933046 -0.8500330258172752 0.9543479794189775 -0.8616444093436815 
-0.698138110933046 -0.8500330258172752 0.9543479794189775 -0.8616444093436815 0.5376859414773396 0.06262132758998673 -0.6890812342823767 -0.10543550782952993 -0.8173513796417344 -0.31655067622959576 -0.025237034363053024 -0.5072487366432701 
-0.698138110933046 -0.8500330258172752 0.9543479794189775 -0.8616444093436815 -0.5798826930190086 -0.1407533379852155 0.30531380393940033 0.9099446051307769 -0.9046701180409065 -0.3734054546479695 -0.35054419175847573 -0.7475269389906898 
-0.698138110933046 -0.8500330258172752 0.9543479794189775 -0.8616444093436815 0.8397714359493054 0.5657873513942764 -0.17587019697938522 0.8953612097876269 -0.38731276854360375 -0.7697055667800166 0.04792888950644647 -0.7109171906641363 
-0.698138110933046 -0.8500330258172752 0.9543479794189775 -0.8616444093436815 -0.9884153186815041 0.04329520465626957 -0.0042029161216807776 -0.8401173532405646 0.2450412574801386 -0.2927404256373607 -0.25057885516912815 0.7307463640834817 
0.651086272754021 -0.10421803777523442 -0.8768770322057178 -0.5392384764233256 0.6203631271527135 0.5879736362628785 0.2387060035799473 -0.810633800429617 -0.8673017266128118 -0.6542843379997461 -0.5735733359717654 0.7907434491624412 
0.7253703478868749 0.6879147885498145 0.3865674429396977 -0.9154524783750435 0.6816253267369985 0.33846766021130215 -0.36431077824408975 0.14939049496040724 -0.29792690101065045 0.5629374858585141 0.404454218410466 -0.372069911205978 
0.6816253267369985 0.33846766021130215 -0.36431077824408975 0.14939049496040724 0.2930238531323188 0.32936753763412674 -0.7421806782618798 -0.28483595988545063 0.6518034749346264 -0.07886565442388371 0.5223407862351317 -0.05163298271346317 
0.867157315660366 -0.8537623788399935 0.33258478058623653 0.9814858266344715 0.893852008182485 -0.0545291189478776 -0.5481505635486321 -0.9273525241095733 0.6544013590976698 0.5698118408197834 0.5054171001155634 -0.7416443564523296 
0.867157315660366 -0.8537623788399935 0.33258478058623653 0.9814858266344715 0.7921124933508743 0.5653019709859262 -0.8869602878249363 0.012800626002722915 0.22070108247817544 -0.9938627178458961 0.5305116081585677 -0.6493066129967995 
0.7921124933508743 0.5653019709859262 -0.8869602878249363 0.012800626002722915 0.4478062069803004 0.09747749935788086 -0.5172208934007851 0.6084153034062769 -0.43126344646674264 0.10961720750773685 0.18041505552998993 0.8261595063334646 
0.7921124933508743 0.5653019709859262 -0.8869602878249363 0.012800626002722915 0.6921036549232664 -0.12375632400382708 0.4935949547776841 -0.3900614726498357 0.27600737996231284 -0.9643791683440226 0.7674986668017192 -0.37963135898340994 
0.7921124933508743 0.5653019709859262 -0.8869602878249363 0.012800626002722915 -0.09504788574415812 -0.40491160600495246 0.9356654928617056 -0.458552500025722 -0.021121410449654876 0.9586828021145715 0.6243096799332348 0.1717368612352992 
-0.19049730896319028 0.6749198948791648 0.4656191518713564 -0.6437360255477587 0.5271269451255776 -0.015525826852085256 0.5900640565078812 0.5314431347018174 -0.7826868817792205 -0.2683603942590933 -0.15466800247181323 -0.6425338003730092 
-0.19049730896319028 0.6749198948791648 0.4656191518713564 -0.6437360255477587 -0.5595479229994322 0.5975005345841073 -0.5094596870425996 -0.8309609687599033 -0.4731560316566781 0.2237919500113299 -0.6617307394678058 -0.33447621467301536 
-0.4731560316566781 0.2237919500113299 -0.6617307394678058 -0.33447621467301536 -0.2636315015287358 -0.4276059017822662 0.9842147864759418 -0.950645082438345 -0.8976960783599484 -0.9666627302064414 0.2789514263888373 -0.7643663068275663 
-0.07081701605457624 0.7672795877182137 -0.173939014453951 -0.5476877538305505 -0.1035759498306259 -0.004002429136655605 0.6022561333998702 0.3734306149186797 -0.005434495649453641 -0.16500528225615563 0.3973275813927637 0.5900037653297656 
-0.005434495649453641 -0.16500528225615563 0.3973275813927637 0.5900037653297656 0.6393715327685245 -0.5955796335715315 -0.18202558647661027 -0.22470366166616795 -0.5361087491236243 0.6200924646993606 0.9662573998372088 0.6237557079971796 
-0.005434495649453641 -0.16500528225615563 0.3973275813927637 0.5900037653297656 -0.6814836978885277 0.11376934290353358 0.4568233330057432 -0.9802054658192576 -0.5941555329128876 0.3781547525505282 0.7238580471157243 0.33452258245612354 
-0.5941555329128876 0.3781547525505282 0.7238580471157243 0.33452258245612354 -0.9064198500806322 0.7753475049264575 -0.8664893394538284 -0.8864601021576701 -0.44646810605748044 -0.5336214101546719 -0.4796529767690738 0.07572239878840326 
-0.5941555329128876 0.3781547525505282 0.7238580471157243 0.33452258245612354 -0.7354536849460271 0.5509749577127627 -0.1539895234524875 0.6531421077571897 0.5920384854457883 -0.21210432244433108 0.17263037959300243 0.5977966863694484 