0.9647628609185612 -0.3897073391534125 -0.6838345152249874 -0.11666286239037627 -0.7735761891950574 -0.6691530016348219 -0.6364535302673409 0.19839170820008678 -0.5597978195587852 0.8791654402620457 -0.4280902194765559 0.27751968286466133 0.6585788735734455 -0.09610166585590307 -0.6250061235075783 0.11184528258389248 -0.15872127001899772 -0.8160751885382453 -0.973764630629685 0.1483050059448099 0.7883850756829236 0.6549663974772315 -0.4185980155961684 0.7340359052146517 0.3507960128132319 0.022343727923764378 -0.4200002328504149 
-0.2809569952198878 -0.20226975110206347 -0.5327766196655368 -0.3214807725908284 0.6147553956114 -0.04929393359525003 -0.6617235667314214 -0.7317402871266361 0.5459168324443187 0.0025150389255794714 0.4897975733100679 -0.7514175781148327 -0.6567704361573066 0.1400874804029355 -0.7996693899699316 0.8952066028606638 -0.9324949666530697 -0.19121483515965343 -0.03204322112528635 0.6210634352311966 0.4621257748504717 0.07991211083208816 -0.3573371307368052 0.8262783451114224 -0.7314221073055931 0.2517063519814424 -0.6683067788817885 
0.7235346458674352 -0.2735991316651567 0.9837089381655109 0.7851467221733042 0.38396447780453413 0.8104528705520344 0.0036786083468269837 -0.6012553937117175 0.26214162337428415 -0.7647311252623696 -0.68791689230871 0.8923176355947724 0.7081231310334732 0.2548264350835676 -0.7723829082468183 0.16586880899721224 -0.732914521764465 0.39956039024721957 -0.7113725373727513 -0.22871694269316278 -0.7135064997144 -0.09921963749855989 -0.8025607475940937 0.566125023380263 9.921250740794196E-4 0.7062749396482368 0.5368031586838033 
0.9799079689386108 0.7100232505566306 0.42443686192709684 0.875313581873173 -0.1487390282914336 -0.8545204552324148 -0.8915366381346561 0.5753815126149397 -0.9199037712724998 0.4433807456632417 0.49209717390509566 -0.9623060221700819 -0.24185258608540394 0.03973942527720342 0.8403751961983761 0.16430167686406105 -0.6173477384903534 0.3450986281936299 0.02430438603358942 -0.1866646093286175 -0.024118292364025296 0.9973072712790676 -0.11663145689181187 -0.6052664071374483 0.13755465823832025 -0.060430177906978244 -0.7578772599349273 
-0.3881434702905491 -0.13501574665210292 0.9143240897005562 -0.011467838815238274 -0.8931023482292777 -0.5655978460164384 -0.03262881432879361 0.3952543350781317 0.2887236805373461 -0.3101614785796485 -0.6634571585321596 0.17796818069112352 0.21542168861893973 0.9606771567468941 0.46302703951400503 0.8495757702764897 0.38967554559430817 0.2729626611799676 0.018655213558083528 -0.37533390584872683 0.6216258623951623 0.2992620665764987 0.09229066176709666 0.7224272371328295 0.3393303397235874 -0.7286223883283376 -0.6288705534582897 
-0.08392737674679762 -0.12282553767267079 0.47646419566601206 0.21631856756996126 -0.9948458280273256 0.14562898829978477 -0.08037623273449856 -0.5408638027959889 0.7980272565969622 -0.5882219686766568 0.7115754164965717 0.9486975198388576 -0.12138003278244724 0.17563766666794844 0.9903704400628413 0.856813388836726 -0.7796835866750147 0.26113543542867546 -0.37125565450249076 0.07514786134310913 0.5620077636305334 0.3851882560789419 -0.5216668569870673 -0.12574692611866922 -0.7778019593113501 -0.22556708144515292 -0.21996881138476843 
-0.5882219686766568 0.7115754164965717 0.9486975198388576 -0.12138003278244724 0.17563766666794844 0.9903704400628413 0.856813388836726 -0.7796835866750147 0.26113543542867546 0.17152624504186487 0.16029461597439743 -0.07569484660323078 -0.6982625461457539 -0.11828833398574856 0.7769071034635262 0.1337691178785081 -0.5888788540550911 0.4905385988276989 0.040971887700393284 -0.6734785001238468 -0.583241898031974 -0.4648616957033611 0.17563766666794844 -9.572802847235273E-4 0.856813388836726 0.47145038501791214 0.8647641180268404 
-0.5882219686766568 0.7115754164965717 0.9486975198388576 -0.12138003278244724 0.17563766666794844 0.9903704400628413 0.856813388836726 -0.7796835866750147 0.26113543542867546 -0.5882219686766568 -0.08133246445620057 -0.14724226028516885 -0.12138003278244724 0.08732186655734586 0.7717339834492749 0.38871588890737097 0.36998760608727865 0.11213285761755754 -0.14307722455789507 0.791352384684844 0.36166907297137985 0.07057741365730097 -0.4729022934285252 0.9903704400628413 -0.6482532580815148 0.2192610701841884 -0.49180478341425404 
-0.5882219686766568 0.7115754164965717 0.9486975198388576 -0.12138003278244724 0.17563766666794844 0.9903704400628413 0.856813388836726 -0.7796835866750147 0.26113543542867546 -0.5882219686766568 0.19289627462301695 0.9486975198388576 -0.12138003278244724 0.17563766666794844 0.9903704400628413 -0.6544562298821313 -0.7796835866750147 0.26113543542867546 0.2069583694769861 -0.8756746490663088 0.9486975198388576 -0.12138003278244724 0.013224781948786957 0.9903704400628413 -0.5885555477262874 -0.7796835866750147 0.11045708717910685 
-0.5882219686766568 0.7115754164965717 0.9486975198388576 -0.12138003278244724 0.17563766666794844 0.9903704400628413 0.856813388836726 -0.7796835866750147 0.26113543542867546 -0.933450967290202 0.7115754164965717 -0.3102086001765485 -0.12138003278244724 0.17563766666794844 0.9903704400628413 0.6670388926981625 0.710408104828606 0.26113543542867546 -0.30003829477786415 0.7115754164965717 0.08138497463082461 -0.12138003278244724 0.17563766666794844 0.12651216156937473 -0.492406743593913 0.5349214338134547 0.26113543542867546 
-0.5882219686766568 0.7115754164965717 0.9486975198388576 -0.12138003278244724 0.17563766666794844 0.9903704400628413 0.856813388836726 -0.7796835866750147 0.26113543542867546 -0.5882219686766568 0.7115754164965717 0.23527087162256333 0.6250504250539075 -0.803001637513113 0.9903704400628413 0.6873008644772567 -0.7796835866750147 -0.4052049572964085 -0.5882219686766568 0.7115754164965717 0.5859629522104295 -0.12138003278244724 0.17563766666794844 0.9903704400628413 0.33367294793975844 -0.6134804220773584 -0.7982656065987925 
-0.5882219686766568 0.7115754164965717 0.9486975198388576 -0.12138003278244724 0.17563766666794844 0.9903704400628413 0.856813388836726 -0.7796835866750147 0.26113543542867546 0.17752239160682626 0.7115754164965717 0.9486975198388576 -0.12138003278244724 0.17563766666794844 -0.29463002483380696 -0.7868056024354524 -0.7796835866750147 0.5449378590285818 -0.88918536732061 -0.15488876548822872 0.6278256192542826 -0.9729276312651771 0.3072323115982818 0.9903704400628413 0.856813388836726 -0.7796835866750147 0.26113543542867546 
-0.5882219686766568 0.7115754164965717 0.9486975198388576 -0.12138003278244724 0.17563766666794844 0.9903704400628413 0.856813388836726 -0.7796835866750147 0.26113543542867546 -0.6779859422274714 0.7115754164965717 0.9486975198388576 0.546895665057161 -0.37974602360301635 0.6210388471901445 -0.6165016792034081 -0.7796835866750147 -0.6095972441080051 -0.6734098172002041 0.7115754164965717 0.9486975198388576 -0.8806581683076293 0.8880144980747771 0.6525185784694811 0.856813388836726 -0.7796835866750147 -0.3759409909425444 